0 0.474386 0.524365 -0.474386 -0.524365 20.05 5.03681 5.03384 -0.68684 0.328383 0.269435 -3.24279 0.063442 9.65513 
0.05 0.480907 0.525399 -0.467929 -0.523188 20.0479 5.35174 5.18977 -0.68684 0.328383 0.269435 -3.24279 0.063442 9.65513 
0.1 0.487487 0.526301 -0.461546 -0.521861 20.0421 5.66661 5.34184 -0.68684 0.328383 0.269435 -3.24279 0.063442 9.65513 
0.15 0.494117 0.52708 -0.455242 -0.520375 20.0325 5.98133 5.48628 -0.68684 0.328383 0.269435 -3.24279 0.063442 9.65513 
0.2 0.500789 0.527745 -0.449025 -0.518721 20.0193 6.29583 5.61954 -0.68684 0.328383 0.269435 -3.24279 0.063442 9.65513 
0.25 0.507494 0.528309 -0.442899 -0.516894 20.0023 6.61003 5.73832 -0.68684 0.328383 0.269435 -3.24279 0.063442 9.65513 
0.3 0.514225 0.52878 -0.436872 -0.514886 19.9816 6.92384 5.83968 -0.68684 0.328383 0.269435 -3.24279 0.063442 9.65513 
0.35 0.520971 0.52917 -0.430948 -0.512692 19.9572 7.2372 5.92112 -0.68684 0.328383 0.269435 -3.24279 0.063442 9.65513 
0.4 0.527723 0.52949 -0.425133 -0.510305 19.9291 7.55002 5.98062 -0.68684 0.328383 0.269435 -3.24279 0.063442 9.65513 
0.45 0.534473 0.529751 -0.41943 -0.507721 19.8973 7.86222 6.01669 -0.68684 0.328383 0.269435 -3.24279 0.063442 9.65513 
0.5 0.541211 0.529966 -0.413845 -0.504936 19.8618 8.17373 6.02845 -0.68684 0.328383 0.269435 -3.24279 0.063442 9.65513 
0.55 0.547926 0.530144 -0.408379 -0.501947 19.8226 8.48447 6.01559 -0.68684 0.328383 0.269435 -3.24279 0.063442 9.65513 
0.6 0.55461 0.530298 -0.403038 -0.49875 19.7798 8.79437 5.97841 -0.68684 0.328383 0.269435 -3.24279 0.063442 9.65513 
0.65 0.561253 0.53044 -0.397822 -0.495344 19.7333 9.10333 5.91781 -0.68684 0.328383 0.269435 -3.24279 0.063442 9.65513 
0.7 0.567844 0.53058 -0.392736 -0.491728 19.6831 9.41129 5.83529 -0.68684 0.328383 0.269435 -3.24279 0.063442 9.65513 
0.75 0.574374 0.53073 -0.38778 -0.487901 19.6293 9.71817 5.73285 -0.68684 0.328383 0.269435 -3.24279 0.063442 9.65513 
0.8 0.580833 0.530901 -0.382955 -0.483862 19.5718 10.0239 5.61301 -0.68684 0.328383 0.269435 -3.24279 0.063442 9.65513 
0.85 0.587211 0.531104 -0.378263 -0.479613 19.5107 10.3284 5.47871 -0.68684 0.328383 0.269435 -3.24279 0.063442 9.65513 
0.9 0.593498 0.531349 -0.373705 -0.475155 19.4461 10.6316 5.33324 -0.68684 0.328383 0.269435 -3.24279 0.063442 9.65513 
0.95 0.599685 0.531648 -0.369279 -0.47049 19.3778 10.9334 5.18018 -0.68684 0.328383 0.269435 -3.24279 0.063442 9.65513 
1 0.605762 0.53201 -0.364986 -0.465621 19.306 11.2337 5.02329 -0.68684 0.328383 0.269435 -3.24279 0.063442 9.65513 
1.05 0.611719 0.532445 -0.360825 -0.460552 19.2306 11.5325 4.86641 -0.68684 0.328383 0.269435 -3.24279 0.063442 9.65513 
1.1 0.617547 0.532962 -0.356794 -0.455286 19.1517 11.8297 4.7134 -0.68684 0.328383 0.269435 -3.24279 0.063442 9.65513 
1.15 0.623238 0.53357 -0.352892 -0.449828 19.0693 12.1251 4.56802 -0.68684 0.328383 0.269435 -3.24279 0.063442 9.65513 
1.2 0.628782 0.534279 -0.349115 -0.444183 18.9834 12.4189 4.43383 -0.68684 0.328383 0.269435 -3.24279 0.063442 9.65513 
1.25 0.634171 0.535095 -0.345462 -0.438357 18.8941 12.7108 4.31415 -0.68684 0.328383 0.269435 -3.24279 0.063442 9.65513 
1.3 0.639397 0.536026 -0.341929 -0.432356 18.8013 13.0008 4.21189 -0.68684 0.328383 0.269435 -3.24279 0.063442 9.65513 
1.35 0.644452 0.53708 -0.338513 -0.426188 18.705 13.2888 4.12958 -0.68684 0.328383 0.269435 -3.24279 0.063442 9.65513 
1.4 0.649328 0.538262 -0.335209 -0.419859 18.6054 13.5747 4.06923 -0.68684 0.328383 0.269435 -3.24279 0.063442 9.65513 
1.45 0.654018 0.53958 -0.332014 -0.413377 18.5024 13.8586 4.03233 -0.68684 0.328383 0.269435 -3.24279 0.063442 9.65513 
1.5 0.658516 0.541037 -0.328922 -0.40675 18.396 14.1402 4.01977 -0.68684 0.328383 0.269435 -3.24279 0.063442 9.65513 
1.55 0.662815 0.54264 -0.325927 -0.399987 18.2864 14.4196 4.03186 -0.68684 0.328383 0.269435 -3.24279 0.063442 9.65513 
1.6 0.666909 0.544391 -0.323026 -0.393096 18.1734 14.6967 4.0683 -0.68684 0.328383 0.269435 -3.24279 0.063442 9.65513 
1.65 0.670794 0.546295 -0.32021 -0.386087 18.0572 14.9713 4.12818 -0.68684 0.328383 0.269435 -3.24279 0.063442 9.65513 
1.7 0.674463 0.548354 -0.317475 -0.378969 17.9378 15.2435 4.21003 -0.68684 0.328383 0.269435 -3.24279 0.063442 9.65513 
1.75 0.677912 0.550571 -0.314813 -0.371752 17.8151 15.5131 4.31183 -0.68684 0.328383 0.269435 -3.24279 0.063442 9.65513 
1.8 0.681139 0.552947 -0.312217 -0.364445 17.6893 15.7802 4.43107 -0.68684 0.328383 0.269435 -3.24279 0.063442 9.65513 
1.85 0.684139 0.555483 -0.30968 -0.357059 17.5603 16.0445 4.56481 -0.68684 0.328383 0.269435 -3.24279 0.063442 9.65513 
1.9 0.686909 0.558181 -0.307194 -0.349603 17.4283 16.3062 4.70975 -0.68684 0.328383 0.269435 -3.24279 0.063442 9.65513 
1.95 0.689448 0.561038 -0.304752 -0.342088 17.2931 16.565 4.86234 -0.68684 0.328383 0.269435 -3.24279 0.063442 9.65513 
2 0.691754 0.564055 -0.302345 -0.334524 17.155 16.821 5.0188 -0.68684 0.328383 0.269435 -3.24279 0.063442 9.65513 
2.05 0.693826 0.56723 -0.299964 -0.326921 17.0138 17.074 5.17529 -0.68684 0.328383 0.269435 -3.24279 0.063442 9.65513 
2.1 0.695663 0.570562 -0.297602 -0.319289 16.8696 17.324 5.32795 -0.68684 0.328383 0.269435 -3.24279 0.063442 9.65513 
2.15 0.697267 0.574046 -0.295248 -0.311639 16.7225 17.571 5.47304 -0.68684 0.328383 0.269435 -3.24279 0.063442 9.65513 
2.2 0.698637 0.57768 -0.292896 -0.30398 16.5726 17.8149 5.60697 -0.68684 0.328383 0.269435 -3.24279 0.063442 9.65513 
2.25 0.699776 0.58146 -0.290534 -0.296323 16.4197 18.0556 5.72645 -0.68684 0.328383 0.269435 -3.24279 0.063442 9.65513 
2.3 0.700685 0.585382 -0.288155 -0.288677 16.2641 18.293 5.82855 -0.68684 0.328383 0.269435 -3.24279 0.063442 9.65513 
2.35 0.701368 0.589441 -0.285748 -0.281051 16.1057 18.5272 5.91076 -0.68684 0.328383 0.269435 -3.24279 0.063442 9.65513 
2.4 0.701828 0.59363 -0.283306 -0.273456 15.9445 18.758 5.97105 -0.68684 0.328383 0.269435 -3.24279 0.063442 9.65513 
2.45 0.70207 0.597944 -0.280818 -0.265899 15.7806 18.9854 6.00794 -0.68684 0.328383 0.269435 -3.24279 0.063442 9.65513 
2.5 0.702096 0.602377 -0.278275 -0.258389 15.6141 19.2094 6.02054 -0.68684 0.328383 0.269435 -3.24279 0.063442 9.65513 
2.55 0.701915 0.606922 -0.275669 -0.250936 15.4449 19.4298 6.00854 -0.68684 0.328383 0.269435 -3.24279 0.063442 9.65513 
2.6 0.70153 0.61157 -0.27299 -0.243547 15.2732 19.6466 5.97224 -0.68684 0.328383 0.269435 -3.24279 0.063442 9.65513 
2.65 0.700949 0.616314 -0.270229 -0.236229 15.0989 19.8599 5.91254 -0.68684 0.328383 0.269435 -3.24279 0.063442 9.65513 
2.7 0.700179 0.621146 -0.267379 -0.228989 14.9222 20.0694 5.83092 -0.68684 0.328383 0.269435 -3.24279 0.063442 9.65513 
2.75 0.699227 0.626057 -0.26443 -0.221836 14.743 20.2752 5.7294 -0.68684 0.328383 0.269435 -3.24279 0.063442 9.65513 
2.8 0.698102 0.631038 -0.261375 -0.214774 14.5614 20.4772 5.61049 -0.68684 0.328383 0.269435 -3.24279 0.063442 9.65513 
2.85 0.696812 0.63608 -0.258206 -0.20781 14.3775 20.6754 5.47712 -0.68684 0.328383 0.269435 -3.24279 0.063442 9.65513 
2.9 0.695367 0.641173 -0.254915 -0.20095 14.1912 20.8697 5.33258 -0.68684 0.328383 0.269435 -3.24279 0.063442 9.65513 
2.95 0.693776 0.646307 -0.251496 -0.194197 14.0027 21.0601 5.18045 -0.68684 0.328383 0.269435 -3.24279 0.063442 9.65513 
3 0.692049 0.651471 -0.247941 -0.187557 13.812 21.2465 5.02448 -0.68684 0.328383 0.269435 -3.24279 0.063442 9.65513 
3.05 0.690198 0.656657 -0.244245 -0.181034 13.6191 21.4289 4.86853 -0.68684 0.328383 0.269435 -3.24279 0.063442 9.65513 
3.1 0.688231 0.661853 -0.240402 -0.174631 13.4241 21.6072 4.71643 -0.68684 0.328383 0.269435 -3.24279 0.063442 9.65513 
3.15 0.686161 0.667048 -0.236407 -0.168351 13.227 21.7814 4.57196 -0.68684 0.328383 0.269435 -3.24279 0.063442 9.65513 
3.2 0.683999 0.672231 -0.232254 -0.162196 13.0279 21.9514 4.43867 -0.68684 0.328383 0.269435 -3.24279 0.063442 9.65513 
3.25 0.681757 0.677393 -0.227941 -0.156169 12.8268 22.1173 4.31985 -0.68684 0.328383 0.269435 -3.24279 0.063442 9.65513 
3.3 0.679446 0.682521 -0.223464 -0.15027 12.6238 22.2789 4.21846 -0.68684 0.328383 0.269435 -3.24279 0.063442 9.65513 
3.35 0.677079 0.687606 -0.218819 -0.144501 12.419 22.4363 4.13699 -0.68684 0.328383 0.269435 -3.24279 0.063442 9.65513 
3.4 0.674666 0.692636 -0.214005 -0.138862 12.2123 22.5893 4.07746 -0.68684 0.328383 0.269435 -3.24279 0.063442 9.65513 
3.45 0.672222 0.6976 -0.20902 -0.133352 12.0039 22.738 4.04136 -0.68684 0.328383 0.269435 -3.24279 0.063442 9.65513 
3.5 0.669757 0.702488 -0.203863 -0.127972 11.7937 22.8823 4.02957 -0.68684 0.328383 0.269435 -3.24279 0.063442 9.65513 
3.55 0.667283 0.707289 -0.198533 -0.12272 11.5819 23.0222 4.0424 -0.68684 0.328383 0.269435 -3.24279 0.063442 9.65513 
3.6 0.664814 0.711992 -0.193031 -0.117595 11.3684 23.1576 4.07956 -0.68684 0.328383 0.269435 -3.24279 0.063442 9.65513 
3.65 0.66236 0.716588 -0.187358 -0.112595 11.1534 23.2886 4.14012 -0.68684 0.328383 0.269435 -3.24279 0.063442 9.65513 
3.7 0.659934 0.721066 -0.181516 -0.107718 10.937 23.415 4.22262 -0.68684 0.328383 0.269435 -3.24279 0.063442 9.65513 
3.75 0.657547 0.725416 -0.175507 -0.102961 10.719 23.5369 4.32504 -0.68684 0.328383 0.269435 -3.24279 0.063442 9.65513 
3.8 0.65521 0.729629 -0.169333 -0.09832 10.4997 23.6542 4.44486 -0.68684 0.328383 0.269435 -3.24279 0.063442 9.65513 
3.85 0.652935 0.733696 -0.163 -0.0937927 10.279 23.7669 4.57914 -0.68684 0.328383 0.269435 -3.24279 0.063442 9.65513 
3.9 0.650732 0.737607 -0.15651 -0.089375 10.057 23.875 4.7246 -0.68684 0.328383 0.269435 -3.24279 0.063442 9.65513 
3.95 0.648612 0.741354 -0.149868 -0.0850626 9.83382 23.9784 4.87765 -0.68684 0.328383 0.269435 -3.24279 0.063442 9.65513 
4 0.646585 0.744929 -0.143081 -0.0808512 9.60944 24.0772 5.03454 -0.68684 0.328383 0.269435 -3.24279 0.063442 9.65513 
4.05 0.644659 0.748324 -0.136154 -0.0767359 9.38394 24.1712 5.19142 -0.68684 0.328383 0.269435 -3.24279 0.063442 9.65513 
4.1 0.642845 0.75153 -0.129093 -0.0727119 9.15738 24.2605 5.34444 -0.68684 0.328383 0.269435 -3.24279 0.063442 9.65513 
4.15 0.641151 0.754542 -0.121906 -0.0687738 8.9298 24.3451 5.48983 -0.68684 0.328383 0.269435 -3.24279 0.063442 9.65513 
4.2 0.639585 0.757353 -0.1146 -0.0649161 8.70127 24.425 5.62403 -0.68684 0.328383 0.269435 -3.24279 0.063442 9.65513 
4.25 0.638154 0.759956 -0.107183 -0.0611333 8.47185 24.5 5.74374 -0.68684 0.328383 0.269435 -3.24279 0.063442 9.65513 
4.3 0.636866 0.762346 -0.099664 -0.0574192 8.24157 24.5702 5.84602 -0.68684 0.328383 0.269435 -3.24279 0.063442 9.65513 
4.35 0.635726 0.764518 -0.0920513 -0.053768 8.01052 24.6357 5.92837 -0.68684 0.328383 0.269435 -3.24279 0.063442 9.65513 
4.4 0.634741 0.766467 -0.0843541 -0.0501733 7.77873 24.6963 5.98875 -0.68684 0.328383 0.269435 -3.24279 0.063442 9.65513 
4.45 0.633915 0.768188 -0.076582 -0.0466287 7.54626 24.7521 6.0257 -0.68684 0.328383 0.269435 -3.24279 0.063442 9.65513 
4.5 0.633252 0.769679 -0.0687448 -0.0431277 7.31318 24.803 6.03831 -0.68684 0.328383 0.269435 -3.24279 0.063442 9.65513 
4.55 0.632757 0.770936 -0.0608523 -0.0396638 7.07954 24.849 6.02627 -0.68684 0.328383 0.269435 -3.24279 0.063442 9.65513 
4.6 0.632433 0.771956 -0.052915 -0.0362301 6.8454 24.8902 5.9899 -0.68684 0.328383 0.269435 -3.24279 0.063442 9.65513 
4.65 0.632281 0.772738 -0.0449431 -0.0328198 6.6108 24.9265 5.93008 -0.68684 0.328383 0.269435 -3.24279 0.063442 9.65513 
4.7 0.632303 0.77328 -0.0369471 -0.0294261 6.37582 24.9579 5.8483 -0.68684 0.328383 0.269435 -3.24279 0.063442 9.65513 
4.75 0.6325 0.773581 -0.0289375 -0.0260421 6.1405 24.9844 5.74658 -0.68684 0.328383 0.269435 -3.24279 0.063442 9.65513 
4.8 0.632873 0.773641 -0.0209251 -0.0226607 5.9049 25.0059 5.62743 -0.68684 0.328383 0.269435 -3.24279 0.063442 9.65513 
4.85 0.63342 0.77346 -0.0129203 -0.019275 5.66908 25.0226 5.49378 -0.68684 0.328383 0.269435 -3.24279 0.063442 9.65513 
4.9 0.63414 0.773039 -0.00493376 -0.0158781 5.4331 25.0344 5.34893 -0.68684 0.328383 0.269435 -3.24279 0.063442 9.65513 
4.95 0.635032 0.77238 0.00302409 -0.0124628 5.197 25.0412 5.19644 -0.68684 0.328383 0.269435 -3.24279 0.063442 9.65513 
5 0.636092 0.771483 0.0109429 -0.00902229 4.96086 25.0432 5.04008 -0.68684 0.328383 0.269435 -3.24279 0.063442 9.65513 
5.05 0.637317 0.770352 0.0188126 -0.00554962 4.72473 25.0402 4.88369 -0.68684 0.328383 0.269435 -3.24279 0.063442 9.65513 
5.1 0.638704 0.768989 0.0266232 -0.00203795 4.48865 25.0322 4.73114 -0.68684 0.328383 0.269435 -3.24279 0.063442 9.65513 
5.15 0.640247 0.767399 0.0343649 0.0015195 4.2527 25.0194 4.58616 -0.68684 0.328383 0.269435 -3.24279 0.063442 9.65513 
5.2 0.64194 0.765585 0.0420284 0.00512941 4.01692 25.0017 4.45234 -0.68684 0.328383 0.269435 -3.24279 0.063442 9.65513 
5.25 0.643779 0.763551 0.0496047 0.00879835 3.78137 24.979 4.33297 -0.68684 0.328383 0.269435 -3.24279 0.063442 9.65513 
5.3 0.645755 0.761304 0.057085 0.0125327 3.54612 24.9514 4.23099 -0.68684 0.328383 0.269435 -3.24279 0.063442 9.65513 
5.35 0.647863 0.758849 0.0644609 0.0163389 3.31121 24.9189 4.1489 -0.68684 0.328383 0.269435 -3.24279 0.063442 9.65513 
5.4 0.650094 0.756191 0.0717246 0.0202228 3.07671 24.8816 4.08873 -0.68684 0.328383 0.269435 -3.24279 0.063442 9.65513 
5.45 0.652439 0.753337 0.0788688 0.0241905 2.84266 24.8393 4.05195 -0.68684 0.328383 0.269435 -3.24279 0.063442 9.65513 
5.5 0.654891 0.750296 0.0858863 0.0282477 2.60914 24.7922 4.03946 -0.68684 0.328383 0.269435 -3.24279 0.063442 9.65513 
5.55 0.657439 0.747073 0.0927709 0.0323997 2.37618 24.7402 4.05158 -0.68684 0.328383 0.269435 -3.24279 0.063442 9.65513 
5.6 0.660074 0.743677 0.0995166 0.0366519 2.14386 24.6833 4.08799 -0.68684 0.328383 0.269435 -3.24279 0.063442 9.65513 
5.65 0.662786 0.740116 0.106118 0.041009 1.91222 24.6216 4.14779 -0.68684 0.328383 0.269435 -3.24279 0.063442 9.65513 
5.7 0.665564 0.7364 0.112571 0.0454757 1.68133 24.5551 4.22951 -0.68684 0.328383 0.269435 -3.24279 0.063442 9.65513 
5.75 0.668397 0.732537 0.11887 0.0500563 1.45124 24.4838 4.33113 -0.68684 0.328383 0.269435 -3.24279 0.063442 9.65513 
5.8 0.671274 0.728536 0.125013 0.0547548 1.222 24.4076 4.45014 -0.68684 0.328383 0.269435 -3.24279 0.063442 9.65513 
5.85 0.674184 0.724408 0.130997 0.0595746 0.993678 24.3267 4.5836 -0.68684 0.328383 0.269435 -3.24279 0.063442 9.65513 
5.9 0.677115 0.720162 0.136819 0.064519 0.766323 24.241 4.72821 -0.68684 0.328383 0.269435 -3.24279 0.063442 9.65513 
5.95 0.680055 0.715808 0.142478 0.0695908 0.539994 24.1506 4.88042 -0.68684 0.328383 0.269435 -3.24279 0.063442 9.65513 
6 0.682993 0.711358 0.147972 0.0747921 0.314746 24.0554 5.03645 -0.68684 0.328383 0.269435 -3.24279 0.063442 9.65513 
6.05 0.685916 0.706822 0.153302 0.080125 0.0906348 23.9555 5.19247 -0.68684 0.328383 0.269435 -3.24279 0.063442 9.65513 
6.10001 0.688812 0.702211 0.158468 0.0855909 -0.132284 23.851 5.34461 -0.68684 0.328383 0.269435 -3.24279 0.063442 9.65513 
6.15001 0.69167 0.697535 0.16347 0.0911906 -0.353954 23.7418 5.48913 -0.68684 0.328383 0.269435 -3.24279 0.063442 9.65513 
6.20001 0.694476 0.692806 0.168311 0.0969246 -0.574322 23.6279 5.62246 -0.68684 0.328383 0.269435 -3.24279 0.063442 9.65513 
6.25001 0.69722 0.688034 0.172992 0.102793 -0.79333 23.5095 5.74129 -0.68684 0.328383 0.269435 -3.24279 0.063442 9.65513 
6.30001 0.69989 0.683232 0.177516 0.108795 -1.01093 23.3865 5.8427 -0.68684 0.328383 0.269435 -3.24279 0.063442 9.65513 
6.35001 0.702473 0.67841 0.181887 0.114929 -1.22705 23.2589 5.92418 -0.68684 0.328383 0.269435 -3.24279 0.063442 9.65513 
6.40001 0.704958 0.673579 0.186108 0.121195 -1.44166 23.1268 5.98371 -0.68684 0.328383 0.269435 -3.24279 0.063442 9.65513 
6.45001 0.707335 0.668751 0.190184 0.127589 -1.65469 22.9902 6.01981 -0.68684 0.328383 0.269435 -3.24279 0.063442 9.65513 
6.50001 0.709592 0.663936 0.194121 0.134109 -1.86609 22.8492 6.03158 -0.68684 0.328383 0.269435 -3.24279 0.063442 9.65513 
6.55001 0.711719 0.659145 0.197922 0.140752 -2.0758 22.7037 6.01872 -0.68684 0.328383 0.269435 -3.24279 0.063442 9.65513 
6.60001 0.713705 0.654389 0.201595 0.147513 -2.28379 22.5539 5.98153 -0.68684 0.328383 0.269435 -3.24279 0.063442 9.65513 
6.65001 0.71554 0.649678 0.205145 0.15439 -2.48998 22.3997 5.92092 -0.68684 0.328383 0.269435 -3.24279 0.063442 9.65513 
6.70001 0.717216 0.645022 0.20858 0.161376 -2.69433 22.2412 5.83838 -0.68684 0.328383 0.269435 -3.24279 0.063442 9.65513 
6.75001 0.718723 0.640431 0.211906 0.168467 -2.89679 22.0784 5.73591 -0.68684 0.328383 0.269435 -3.24279 0.063442 9.65513 
6.80001 0.720053 0.635915 0.21513 0.175656 -3.0973 21.9114 5.61603 -0.68684 0.328383 0.269435 -3.24279 0.063442 9.65513 
6.85001 0.721198 0.631482 0.218261 0.182937 -3.29583 21.7402 5.48168 -0.68684 0.328383 0.269435 -3.24279 0.063442 9.65513 
6.90001 0.72215 0.627143 0.221306 0.190304 -3.4923 21.5648 5.33616 -0.68684 0.328383 0.269435 -3.24279 0.063442 9.65513 
6.95001 0.722902 0.622904 0.224274 0.197749 -3.68669 21.3853 5.18303 -0.68684 0.328383 0.269435 -3.24279 0.063442 9.65513 
7.00001 0.723448 0.618775 0.227172 0.205265 -3.87892 21.2018 5.02607 -0.68684 0.328383 0.269435 -3.24279 0.063442 9.65513 
7.05001 0.723782 0.614762 0.23001 0.212843 -4.06897 21.0142 4.86911 -0.68684 0.328383 0.269435 -3.24279 0.063442 9.65513 
7.10001 0.723899 0.610874 0.232795 0.220476 -4.25678 20.8227 4.71601 -0.68684 0.328383 0.269435 -3.24279 0.063442 9.65513 
7.15001 0.723795 0.607116 0.235537 0.228154 -4.4423 20.6273 4.57054 -0.68684 0.328383 0.269435 -3.24279 0.063442 9.65513 
7.20001 0.723464 0.603494 0.238244 0.235868 -4.62549 20.4279 4.43626 -0.68684 0.328383 0.269435 -3.24279 0.063442 9.65513 
7.25001 0.722905 0.600015 0.240925 0.243609 -4.80629 20.2248 4.31646 -0.68684 0.328383 0.269435 -3.24279 0.063442 9.65513 
7.30001 0.722114 0.596682 0.243589 0.251368 -4.98467 20.0178 4.2141 -0.68684 0.328383 0.269435 -3.24279 0.063442 9.65513 
7.35001 0.721089 0.593502 0.246243 0.259134 -5.16058 19.8072 4.13168 -0.68684 0.328383 0.269435 -3.24279 0.063442 9.65513 
7.40001 0.719829 0.590476 0.248898 0.266898 -5.33397 19.5929 4.07121 -0.68684 0.328383 0.269435 -3.24279 0.063442 9.65513 
7.45001 0.718332 0.587609 0.25156 0.27465 -5.50481 19.3749 4.03418 -0.68684 0.328383 0.269435 -3.24279 0.063442 9.65513 
7.50001 0.716599 0.584903 0.254239 0.282378 -5.67304 19.1534 4.02149 -0.68684 0.328383 0.269435 -3.24279 0.063442 9.65513 
7.55001 0.714629 0.58236 0.256943 0.290074 -5.83863 18.9284 4.03345 -0.68684 0.328383 0.269435 -3.24279 0.063442 9.65513 
7.60001 0.712424 0.579981 0.259679 0.297726 -6.00154 18.7 4.06975 -0.68684 0.328383 0.269435 -3.24279 0.063442 9.65513 
7.65001 0.709985 0.577767 0.262456 0.305325 -6.16172 18.4681 4.12949 -0.68684 0.328383 0.269435 -3.24279 0.063442 9.65513 
7.70001 0.707315 0.575718 0.265281 0.312859 -6.31913 18.2329 4.2112 -0.68684 0.328383 0.269435 -3.24279 0.063442 9.65513 
7.75001 0.704415 0.573833 0.268161 0.32032 -6.47374 17.9945 4.31285 -0.68684 0.328383 0.269435 -3.24279 0.063442 9.65513 
7.80001 0.70129 0.572111 0.271103 0.327696 -6.62551 17.7528 4.43194 -0.68684 0.328383 0.269435 -3.24279 0.063442 9.65513 
7.85001 0.697942 0.57055 0.274115 0.334978 -6.77439 17.508 4.56553 -0.68684 0.328383 0.269435 -3.24279 0.063442 9.65513 
7.90001 0.694377 0.569147 0.277202 0.342157 -6.92036 17.26 4.71032 -0.68684 0.328383 0.269435 -3.24279 0.063442 9.65513 
7.95001 0.690599 0.567899 0.28037 0.349222 -7.06337 17.0091 4.86275 -0.68684 0.328383 0.269435 -3.24279 0.063442 9.65513 
8.00001 0.686613 0.566802 0.283626 0.356165 -7.2034 16.7551 5.01905 -0.68684 0.328383 0.269435 -3.24279 0.063442 9.65513 
8.05001 0.682426 0.565852 0.286975 0.362976 -7.34039 16.4983 5.17538 -0.68684 0.328383 0.269435 -3.24279 0.063442 9.65513 
8.10001 0.678043 0.565043 0.290422 0.369648 -7.47434 16.2386 5.32789 -0.68684 0.328383 0.269435 -3.24279 0.063442 9.65513 
8.15001 0.673471 0.564369 0.293972 0.376172 -7.60518 15.9762 5.47282 -0.68684 0.328383 0.269435 -3.24279 0.063442 9.65513 
8.20001 0.668716 0.563825 0.297629 0.38254 -7.73291 15.711 5.60659 -0.68684 0.328383 0.269435 -3.24279 0.063442 9.65513 
8.25001 0.663788 0.563402 0.301398 0.388745 -7.85748 15.4432 5.72592 -0.68684 0.328383 0.269435 -3.24279 0.063442 9.65513 
8.30001 0.658692 0.563095 0.305281 0.394781 -7.97887 15.1729 5.82786 -0.68684 0.328383 0.269435 -3.24279 0.063442 9.65513 
8.35001 0.653438 0.562894 0.309283 0.400641 -8.09704 14.9 5.90991 -0.68684 0.328383 0.269435 -3.24279 0.063442 9.65513 
8.40001 0.648034 0.562791 0.313405 0.406319 -8.21196 14.6246 5.97004 -0.68684 0.328383 0.269435 -3.24279 0.063442 9.65513 
8.45001 0.642489 0.562777 0.317652 0.411811 -8.32361 14.3469 6.00679 -0.68684 0.328383 0.269435 -3.24279 0.063442 9.65513 
8.50001 0.63681 0.562843 0.322023 0.417111 -8.43196 14.0669 6.01924 -0.68684 0.328383 0.269435 -3.24279 0.063442 9.65513 
8.55001 0.631009 0.562979 0.326522 0.422216 -8.53698 13.7847 6.00709 -0.68684 0.328383 0.269435 -3.24279 0.063442 9.65513 
8.60001 0.625093 0.563174 0.331149 0.427122 -8.63865 13.5003 5.97065 -0.68684 0.328383 0.269435 -3.24279 0.063442 9.65513 
8.65001 0.619073 0.563419 0.335905 0.431828 -8.73694 13.2138 5.91082 -0.68684 0.328383 0.269435 -3.24279 0.063442 9.65513 
8.70002 0.612958 0.563702 0.340791 0.43633 -8.83183 12.9253 5.82907 -0.68684 0.328383 0.269435 -3.24279 0.063442 9.65513 
8.75002 0.606759 0.564012 0.345805 0.440628 -8.9233 12.6348 5.72742 -0.68684 0.328383 0.269435 -3.24279 0.063442 9.65513 
8.80002 0.600484 0.564338 0.350949 0.44472 -9.01131 12.3425 5.60839 -0.68684 0.328383 0.269435 -3.24279 0.063442 9.65513 
8.85002 0.594144 0.564669 0.35622 0.448608 -9.09586 12.0484 5.4749 -0.68684 0.328383 0.269435 -3.24279 0.063442 9.65513 
8.90002 0.587749 0.564992 0.361617 0.452292 -9.17691 11.7525 5.33026 -0.68684 0.328383 0.269435 -3.24279 0.063442 9.65513 
8.95002 0.581309 0.565297 0.367139 0.455773 -9.25445 11.4549 5.17804 -0.68684 0.328383 0.269435 -3.24279 0.063442 9.65513 
9.00002 0.574833 0.56557 0.372782 0.459054 -9.32847 11.1558 5.02198 -0.68684 0.328383 0.269435 -3.24279 0.063442 9.65513 
9.05002 0.568333 0.565801 0.378545 0.462137 -9.39894 10.8552 4.86594 -0.68684 0.328383 0.269435 -3.24279 0.063442 9.65513 
9.10002 0.561816 0.565979 0.384424 0.465026 -9.46584 10.5531 4.71377 -0.68684 0.328383 0.269435 -3.24279 0.063442 9.65513 
9.15002 0.555294 0.56609 0.390415 0.467725 -9.52917 10.2497 4.56923 -0.68684 0.328383 0.269435 -3.24279 0.063442 9.65513 
9.20002 0.548776 0.566124 0.396514 0.47024 -9.5889 9.94501 4.43588 -0.68684 0.328383 0.269435 -3.24279 0.063442 9.65513 
9.25002 0.54227 0.56607 0.402717 0.472575 -9.64501 9.6391 4.31702 -0.68684 0.328383 0.269435 -3.24279 0.063442 9.65513 
9.30002 0.535787 0.565917 0.409018 0.474736 -9.69751 9.33206 4.21559 -0.68684 0.328383 0.269435 -3.24279 0.063442 9.65513 
9.35002 0.529335 0.565653 0.415413 0.476732 -9.74637 9.02395 4.13409 -0.68684 0.328383 0.269435 -3.24279 0.063442 9.65513 
9.40002 0.522923 0.565269 0.421895 0.478568 -9.79158 8.71487 4.07454 -0.68684 0.328383 0.269435 -3.24279 0.063442 9.65513 
9.45002 0.516559 0.564754 0.428459 0.480253 -9.83314 8.40489 4.03841 -0.68684 0.328383 0.269435 -3.24279 0.063442 9.65513 
9.50002 0.510252 0.564099 0.435097 0.481794 -9.87103 8.09407 4.02662 -0.68684 0.328383 0.269435 -3.24279 0.063442 9.65513 
9.55002 0.50401 0.563294 0.441803 0.483202 -9.90524 7.78251 4.03945 -0.68684 0.328383 0.269435 -3.24279 0.063442 9.65513 
9.60002 0.497839 0.562331 0.44857 0.484484 -9.93577 7.47028 4.07661 -0.68684 0.328383 0.269435 -3.24279 0.063442 9.65513 
9.65002 0.491748 0.561202 0.455389 0.485651 -9.96261 7.15745 4.13719 -0.68684 0.328383 0.269435 -3.24279 0.063442 9.65513 
9.70002 0.485743 0.559898 0.462254 0.486713 -9.98575 6.8441 4.21971 -0.68684 0.328383 0.269435 -3.24279 0.063442 9.65513 
9.75002 0.47983 0.558413 0.469155 0.487679 -10.0052 6.53032 4.32216 -0.68684 0.328383 0.269435 -3.24279 0.063442 9.65513 
9.80002 0.474017 0.55674 0.476085 0.48856 -10.0209 6.21617 4.44201 -0.68684 0.328383 0.269435 -3.24279 0.063442 9.65513 
9.85002 0.468307 0.554874 0.483034 0.489368 -10.033 5.90173 4.57633 -0.68684 0.328383 0.269435 -3.24279 0.063442 9.65513 
9.90002 0.462707 0.552809 0.489994 0.490113 -10.0413 5.58709 4.72183 -0.68684 0.328383 0.269435 -3.24279 0.063442 9.65513 
9.95002 0.457222 0.55054 0.496955 0.490805 -10.0459 5.27232 4.87493 -0.68684 0.328383 0.269435 -3.24279 0.063442 9.65513 
10 0.451856 0.548064 0.503908 0.491457 -10.0468 4.9575 5.03188 -0.68684 0.328383 0.269435 -3.24279 0.063442 9.65513 
10.05 0.446612 0.545376 0.510843 0.492079 -10.044 4.6427 5.18882 -0.68684 0.328383 0.269435 -3.24279 0.063442 9.65513 
10.1 0.441495 0.542476 0.517751 0.492682 -10.0375 4.328 5.34189 -0.68684 0.328383 0.269435 -3.24279 0.063442 9.65513 
10.15 0.436508 0.53936 0.524621 0.493279 -10.0273 4.01349 5.48735 -0.68684 0.328383 0.269435 -3.24279 0.063442 9.65513 
10.2 0.431652 0.536028 0.531445 0.493878 -10.0134 3.69923 5.62162 -0.68684 0.328383 0.269435 -3.24279 0.063442 9.65513 
10.25 0.426931 0.53248 0.538212 0.494493 -9.9958 3.3853 5.7414 -0.68684 0.328383 0.269435 -3.24279 0.063442 9.65513 
10.3 0.422345 0.528714 0.544913 0.495132 -9.97451 3.07179 5.84376 -0.68684 0.328383 0.269435 -3.24279 0.063442 9.65513 
10.35 0.417897 0.524733 0.551537 0.495807 -9.94953 2.75876 5.92618 -0.68684 0.328383 0.269435 -3.24279 0.063442 9.65513 
10.4 0.413586 0.520537 0.558074 0.496529 -9.92089 2.4463 5.98665 -0.68684 0.328383 0.269435 -3.24279 0.063442 9.65513 
10.45 0.409412 0.51613 0.564516 0.497306 -9.88857 2.13448 6.02368 -0.68684 0.328383 0.269435 -3.24279 0.063442 9.65513 
10.5 0.405377 0.511514 0.570851 0.498149 -9.85261 1.82337 6.03638 -0.68684 0.328383 0.269435 -3.24279 0.063442 9.65513 
10.55 0.401478 0.506692 0.577072 0.499066 -9.81299 1.51305 6.02444 -0.68684 0.328383 0.269435 -3.24279 0.063442 9.65513 
10.6 0.397714 0.501668 0.583168 0.500068 -9.76974 1.2036 5.98816 -0.68684 0.328383 0.269435 -3.24279 0.063442 9.65513 
10.65 0.394084 0.496448 0.58913 0.501162 -9.72286 0.895098 5.92845 -0.68684 0.328383 0.269435 -3.24279 0.063442 9.65513 
10.7 0.390586 0.491036 0.59495 0.502356 -9.67237 0.587609 5.84678 -0.68684 0.328383 0.269435 -3.24279 0.063442 9.65513 
10.75 0.387216 0.485438 0.600619 0.503657 -9.61828 0.281211 5.74517 -0.68684 0.328383 0.269435 -3.24279 0.063442 9.65513 
10.8 0.383972 0.479661 0.606128 0.505074 -9.56061 -0.0240204 5.62613 -0.68684 0.328383 0.269435 -3.24279 0.063442 9.65513 
10.85 0.380849 0.473712 0.61147 0.506612 -9.49937 -0.328012 5.4926 -0.68684 0.328383 0.269435 -3.24279 0.063442 9.65513 
10.9 0.377845 0.467597 0.616637 0.508277 -9.43458 -0.63069 5.34787 -0.68684 0.328383 0.269435 -3.24279 0.063442 9.65513 
10.95 0.374953 0.461324 0.621621 0.510076 -9.36624 -0.931982 5.19551 -0.68684 0.328383 0.269435 -3.24279 0.063442 9.65513 
11 0.37217 0.454902 0.626417 0.512012 -9.29439 -1.23181 5.03928 -0.68684 0.328383 0.269435 -3.24279 0.063442 9.65513 
11.05 0.369489 0.448339 0.631017 0.51409 -9.21903 -1.53011 4.88303 -0.68684 0.328383 0.269435 -3.24279 0.063442 9.65513 
11.1 0.366905 0.441643 0.635415 0.516314 -9.14019 -1.82681 4.73061 -0.68684 0.328383 0.269435 -3.24279 0.063442 9.65513 
11.15 0.364411 0.434824 0.639606 0.518688 -9.05788 -2.12183 4.58577 -0.68684 0.328383 0.269435 -3.24279 0.063442 9.65513 
11.2 0.362001 0.427891 0.643585 0.521212 -8.97213 -2.4151 4.4521 -0.68684 0.328383 0.269435 -3.24279 0.063442 9.65513 
11.25 0.359668 0.420853 0.647348 0.523891 -8.88296 -2.70656 4.33287 -0.68684 0.328383 0.269435 -3.24279 0.063442 9.65513 
11.3 0.357405 0.413721 0.65089 0.526724 -8.79038 -2.99612 4.23104 -0.68684 0.328383 0.269435 -3.24279 0.063442 9.65513 
11.35 0.355203 0.406504 0.654209 0.529713 -8.69442 -3.28373 4.1491 -0.68684 0.328383 0.269435 -3.24279 0.063442 9.65513 
11.4 0.353054 0.399212 0.657301 0.532858 -8.5951 -3.5693 4.08908 -0.68684 0.328383 0.269435 -3.24279 0.063442 9.65513 
11.45 0.35095 0.391855 0.660164 0.536159 -8.49244 -3.85278 4.05245 -0.68684 0.328383 0.269435 -3.24279 0.063442 9.65513 
11.5 0.348883 0.384444 0.662797 0.539614 -8.38648 -4.13409 4.04012 -0.68684 0.328383 0.269435 -3.24279 0.063442 9.65513 
11.55 0.346844 0.376988 0.665199 0.543221 -8.27723 -4.41317 4.05239 -0.68684 0.328383 0.269435 -3.24279 0.063442 9.65513 
11.6 0.344823 0.369498 0.667369 0.54698 -8.16472 -4.68994 4.08895 -0.68684 0.328383 0.269435 -3.24279 0.063442 9.65513 
11.65 0.342811 0.361983 0.669309 0.550886 -8.04897 -4.96434 4.1489 -0.68684 0.328383 0.269435 -3.24279 0.063442 9.65513 
11.7 0.340799 0.354453 0.671018 0.554936 -7.93002 -5.2363 4.23077 -0.68684 0.328383 0.269435 -3.24279 0.063442 9.65513 
11.75 0.338777 0.346919 0.672498 0.559127 -7.80789 -5.50576 4.33253 -0.68684 0.328383 0.269435 -3.24279 0.063442 9.65513 
11.8 0.336736 0.33939 0.673753 0.563454 -7.68261 -5.77265 4.45168 -0.68684 0.328383 0.269435 -3.24279 0.063442 9.65513 
11.85 0.334665 0.331875 0.674784 0.567913 -7.55421 -6.0369 4.58528 -0.68684 0.328383 0.269435 -3.24279 0.063442 9.65513 
11.9 0.332556 0.324384 0.675595 0.572497 -7.42271 -6.29844 4.73003 -0.68684 0.328383 0.269435 -3.24279 0.063442 9.65513 
11.95 0.330398 0.316925 0.676192 0.577201 -7.28816 -6.55722 4.88236 -0.68684 0.328383 0.269435 -3.24279 0.063442 9.65513 
12 0.328181 0.309508 0.676577 0.582018 -7.15057 -6.81317 5.03852 -0.68684 0.328383 0.269435 -3.24279 0.063442 9.65513 
12.05 0.325897 0.30214 0.676758 0.586942 -7.00999 -7.06623 5.19465 -0.68684 0.328383 0.269435 -3.24279 0.063442 9.65513 
12.1 0.323536 0.294829 0.67674 0.591965 -6.86644 -7.31633 5.34691 -0.68684 0.328383 0.269435 -3.24279 0.063442 9.65513 
12.15 0.321089 0.287584 0.67653 0.59708 -6.71996 -7.56341 5.49153 -0.68684 0.328383 0.269435 -3.24279 0.063442 9.65513 
12.2 0.318546 0.280411 0.676136 0.602278 -6.57058 -7.80741 5.62495 -0.68684 0.328383 0.269435 -3.24279 0.063442 9.65513 
12.25 0.315899 0.273317 0.675564 0.607551 -6.41834 -8.04826 5.74388 -0.68684 0.328383 0.269435 -3.24279 0.063442 9.65513 
12.3 0.31314 0.26631 0.674824 0.612891 -6.26328 -8.28592 5.84537 -0.68684 0.328383 0.269435 -3.24279 0.063442 9.65513 
12.35 0.31026 0.259394 0.673924 0.618288 -6.10543 -8.52031 5.92692 -0.68684 0.328383 0.269435 -3.24279 0.063442 9.65513 
12.4 0.307252 0.252575 0.672875 0.623732 -5.94482 -8.75138 5.98651 -0.68684 0.328383 0.269435 -3.24279 0.063442 9.65513 
12.45 0.304109 0.245859 0.671685 0.629215 -5.7815 -8.97908 6.02267 -0.68684 0.328383 0.269435 -3.24279 0.063442 9.65513 
12.5 0.300823 0.23925 0.670364 0.634726 -5.61551 -9.20333 6.0345 -0.68684 0.328383 0.269435 -3.24279 0.063442 9.65513 
12.55 0.297388 0.232752 0.668925 0.640255 -5.44688 -9.4241 6.02168 -0.68684 0.328383 0.269435 -3.24279 0.063442 9.65513 
12.6 0.293799 0.226369 0.667377 0.645792 -5.27565 -9.64131 5.98453 -0.68684 0.328383 0.269435 -3.24279 0.063442 9.65513 
12.65 0.290051 0.220105 0.665731 0.651327 -5.10188 -9.85492 5.92395 -0.68684 0.328383 0.269435 -3.24279 0.063442 9.65513 
12.7 0.286137 0.213961 0.664 0.656849 -4.92559 -10.0649 5.84143 -0.68684 0.328383 0.269435 -3.24279 0.063442 9.65513 
12.75 0.282055 0.20794 0.662195 0.662347 -4.74683 -10.2711 5.73897 -0.68684 0.328383 0.269435 -3.24279 0.063442 9.65513 
12.8 0.277801 0.202044 0.660328 0.667812 -4.56565 -10.4736 5.6191 -0.68684 0.328383 0.269435 -3.24279 0.063442 9.65513 
12.85 0.273371 0.196273 0.65841 0.673232 -4.38209 -10.6723 5.48475 -0.68684 0.328383 0.269435 -3.24279 0.063442 9.65513 
12.9 0.268764 0.19063 0.656455 0.678596 -4.19619 -10.8671 5.33922 -0.68684 0.328383 0.269435 -3.24279 0.063442 9.65513 
12.95 0.263979 0.185114 0.654474 0.683895 -4.008 -11.0579 5.18608 -0.68684 0.328383 0.269435 -3.24279 0.063442 9.65513 
13 0.259013 0.179724 0.652479 0.689117 -3.81757 -11.2449 5.02909 -0.68684 0.328383 0.269435 -3.24279 0.063442 9.65513 
13.05 0.253867 0.174461 0.650483 0.694253 -3.62494 -11.4278 4.8721 -0.68684 0.328383 0.269435 -3.24279 0.063442 9.65513 
13.1 0.248541 0.169323 0.648497 0.699291 -3.43016 -11.6066 4.71896 -0.68684 0.328383 0.269435 -3.24279 0.063442 9.65513 
13.15 0.243037 0.164309 0.646534 0.704223 -3.23328 -11.7814 4.57345 -0.68684 0.328383 0.269435 -3.24279 0.063442 9.65513 
13.2 0.237355 0.159417 0.644604 0.709037 -3.03435 -11.952 4.43912 -0.68684 0.328383 0.269435 -3.24279 0.063442 9.65513 
13.25 0.2315 0.154644 0.64272 0.713725 -2.83341 -12.1184 4.31927 -0.68684 0.328383 0.269435 -3.24279 0.063442 9.65513 
13.3 0.225472 0.149989 0.640893 0.718277 -2.63053 -12.2805 4.21684 -0.68684 0.328383 0.269435 -3.24279 0.063442 9.65513 
13.35 0.219278 0.145448 0.639133 0.722683 -2.42574 -12.4385 4.13434 -0.68684 0.328383 0.269435 -3.24279 0.063442 9.65513 
13.4 0.21292 0.141017 0.637452 0.726935 -2.2191 -12.592 4.0738 -0.68684 0.328383 0.269435 -3.24279 0.063442 9.65513 
13.45 0.206403 0.136693 0.635858 0.731025 -2.01067 -12.7413 4.03668 -0.68684 0.328383 0.269435 -3.24279 0.063442 9.65513 
13.5 0.199734 0.132473 0.634363 0.734943 -1.80048 -12.8861 4.0239 -0.68684 0.328383 0.269435 -3.24279 0.063442 9.65513 
13.55 0.192918 0.128351 0.632975 0.738682 -1.58861 -13.0266 4.03577 -0.68684 0.328383 0.269435 -3.24279 0.063442 9.65513 
13.6 0.185962 0.124323 0.631703 0.742236 -1.37509 -13.1625 4.07196 -0.68684 0.328383 0.269435 -3.24279 0.063442 9.65513 
13.65 0.178873 0.120384 0.630555 0.745596 -1.15999 -13.294 4.13159 -0.68684 0.328383 0.269435 -3.24279 0.063442 9.65513 
13.7 0.17166 0.116529 0.629539 0.748756 -0.943355 -13.4209 4.21318 -0.68684 0.328383 0.269435 -3.24279 0.063442 9.65513 
13.75 0.164329 0.112753 0.628662 0.75171 -0.725243 -13.5433 4.31471 -0.68684 0.328383 0.269435 -3.24279 0.063442 9.65513 
13.8 0.156889 0.10905 0.62793 0.754452 -0.505708 -13.6611 4.43367 -0.68684 0.328383 0.269435 -3.24279 0.063442 9.65513 
13.85 0.14935 0.105414 0.627351 0.756977 -0.284806 -13.7743 4.56713 -0.68684 0.328383 0.269435 -3.24279 0.063442 9.65513 
13.9 0.14172 0.10184 0.626928 0.75928 -0.0625917 -13.8828 4.71178 -0.68684 0.328383 0.269435 -3.24279 0.063442 9.65513 
13.95 0.13401 0.0983205 0.626666 0.761357 0.160878 -13.9866 4.86406 -0.68684 0.328383 0.269435 -3.24279 0.063442 9.65513 
14 0.126229 0.0948498 0.626569 0.763204 0.385548 -14.0858 5.02022 -0.68684 0.328383 0.269435 -3.24279 0.063442 9.65513 
14.05 0.118386 0.0914213 0.626641 0.764819 0.611361 -14.1802 5.1764 -0.68684 0.328383 0.269435 -3.24279 0.063442 9.65513 
14.1 0.110493 0.0880284 0.626884 0.766197 0.83826 -14.2699 5.32875 -0.68684 0.328383 0.269435 -3.24279 0.063442 9.65513 
14.15 0.102559 0.0846642 0.6273 0.767338 1.06619 -14.3548 5.47351 -0.68684 0.328383 0.269435 -3.24279 0.063442 9.65513 
14.2 0.0945959 0.081322 0.62789 0.76824 1.29509 -14.4349 5.60712 -0.68684 0.328383 0.269435 -3.24279 0.063442 9.65513 
14.25 0.0866131 0.0779947 0.628654 0.768901 1.5249 -14.5102 5.72628 -0.68684 0.328383 0.269435 -3.24279 0.063442 9.65513 
14.3 0.0786216 0.0746753 0.629592 0.769322 1.75558 -14.5807 5.82806 -0.68684 0.328383 0.269435 -3.24279 0.063442 9.65513 
14.35 0.0706319 0.0713567 0.630703 0.769502 1.98705 -14.6463 5.90994 -0.68684 0.328383 0.269435 -3.24279 0.063442 9.65513 
14.4 0.0626545 0.0680317 0.631986 0.769441 2.21926 -14.7071 5.96991 -0.68684 0.328383 0.269435 -3.24279 0.063442 9.65513 
14.45 0.0546998 0.0646931 0.633437 0.769142 2.45216 -14.763 6.00649 -0.68684 0.328383 0.269435 -3.24279 0.063442 9.65513 
14.5 0.0467781 0.0613338 0.635054 0.768607 2.68568 -14.814 6.01877 -0.68684 0.328383 0.269435 -3.24279 0.063442 9.65513 
14.55 0.0388995 0.0579466 0.636833 0.767836 2.91976 -14.8601 6.00646 -0.68684 0.328383 0.269435 -3.24279 0.063442 9.65513 
14.6 0.0310738 0.0545242 0.63877 0.766834 3.15436 -14.9013 5.96985 -0.68684 0.328383 0.269435 -3.24279 0.063442 9.65513 
14.65 0.0233105 0.0510597 0.640858 0.765604 3.3894 -14.9376 5.90986 -0.68684 0.328383 0.269435 -3.24279 0.063442 9.65513 
14.7 0.0156191 0.0475458 0.643094 0.764151 3.62484 -14.9689 5.82796 -0.68684 0.328383 0.269435 -3.24279 0.063442 9.65513 
14.75 0.00800854 0.0439758 0.645469 0.762477 3.8606 -14.9953 5.72616 -0.68684 0.328383 0.269435 -3.24279 0.063442 9.65513 
14.8 0.000487313 0.0403426 0.647978 0.76059 4.09664 -15.0168 5.60698 -0.68684 0.328383 0.269435 -3.24279 0.063442 9.65513 
14.85 -0.00693632 0.0366397 0.650613 0.758493 4.33289 -15.0333 5.47336 -0.68684 0.328383 0.269435 -3.24279 0.063442 9.65513 
14.9 -0.0142546 0.0328605 0.653365 0.756195 4.5693 -15.0448 5.32858 -0.68684 0.328383 0.269435 -3.24279 0.063442 9.65513 
14.95 -0.0214602 0.0289985 0.656227 0.753701 4.80581 -15.0514 5.17622 -0.68684 0.328383 0.269435 -3.24279 0.063442 9.65513 
15 -0.0285463 0.0250477 0.659189 0.751018 5.04235 -15.0531 5.02004 -0.68684 0.328383 0.269435 -3.24279 0.063442 9.65513 
15.05 -0.0355066 0.021002 0.662241 0.748154 5.27887 -15.0497 4.86389 -0.68684 0.328383 0.269435 -3.24279 0.063442 9.65513 
15.1 -0.0423354 0.0168559 0.665375 0.745117 5.51531 -15.0415 4.71161 -0.68684 0.328383 0.269435 -3.24279 0.063442 9.65513 
15.15 -0.0490273 0.0126039 0.668579 0.741916 5.75161 -15.0283 4.56697 -0.68684 0.328383 0.269435 -3.24279 0.063442 9.65513 
15.2 -0.0555778 0.00824094 0.671843 0.73856 5.98772 -15.0101 4.43353 -0.68684 0.328383 0.269435 -3.24279 0.063442 9.65513 
15.25 -0.0619829 0.00376225 0.675155 0.735057 6.22356 -14.987 4.31458 -0.68684 0.328383 0.269435 -3.24279 0.063442 9.65513 
15.3 -0.068239 -0.000836558 0.678506 0.731418 6.45909 -14.9589 4.21307 -0.68684 0.328383 0.269435 -3.24279 0.063442 9.65513 
15.35 -0.0743434 -0.00555949 0.681883 0.727652 6.69425 -14.9259 4.1315 -0.68684 0.328383 0.269435 -3.24279 0.063442 9.65513 
15.4 -0.0802938 -0.0104102 0.685275 0.72377 6.92898 -14.888 4.07188 -0.68684 0.328383 0.269435 -3.24279 0.063442 9.65513 
15.45 -0.0860886 -0.0153917 0.68867 0.719781 7.16322 -14.8452 4.03571 -0.68684 0.328383 0.269435 -3.24279 0.063442 9.65513 
15.5 -0.0917269 -0.020507 0.692057 0.715698 7.39691 -14.7974 4.02386 -0.68684 0.328383 0.269435 -3.24279 0.063442 9.65513 
15.55 -0.0972083 -0.0257581 0.695423 0.71153 7.62999 -14.7448 4.03666 -0.68684 0.328383 0.269435 -3.24279 0.063442 9.65513 
15.6 -0.102533 -0.0311468 0.698756 0.707289 7.86241 -14.6873 4.07378 -0.68684 0.328383 0.269435 -3.24279 0.063442 9.65513 
15.65 -0.107702 -0.0366746 0.702044 0.702986 8.09411 -14.625 4.13434 -0.68684 0.328383 0.269435 -3.24279 0.063442 9.65513 
15.7 -0.112717 -0.0423419 0.705277 0.698632 8.32502 -14.5578 4.21684 -0.68684 0.328383 0.269435 -3.24279 0.063442 9.65513 
15.75 -0.117579 -0.0481492 0.708441 0.69424 8.55511 -14.4858 4.31927 -0.68684 0.328383 0.269435 -3.24279 0.063442 9.65513 
15.8 -0.122292 -0.054096 0.711525 0.689819 8.7843 -14.4089 4.43911 -0.68684 0.328383 0.269435 -3.24279 0.063442 9.65513 
15.85 -0.126859 -0.0601814 0.714518 0.685382 9.01254 -14.3273 4.57343 -0.68684 0.328383 0.269435 -3.24279 0.063442 9.65513 
15.9 -0.131282 -0.0664041 0.717409 0.68094 9.23977 -14.2409 4.71894 -0.68684 0.328383 0.269435 -3.24279 0.063442 9.65513 
15.95 -0.135568 -0.0727619 0.720187 0.676505 9.46595 -14.1498 4.87205 -0.68684 0.328383 0.269435 -3.24279 0.063442 9.65513 
16 -0.139719 -0.0792522 0.72284 0.672086 9.691 -14.0539 5.02901 -0.68684 0.328383 0.269435 -3.24279 0.063442 9.65513 
16.05 -0.143741 -0.0858721 0.725359 0.667697 9.91489 -13.9534 5.18596 -0.68684 0.328383 0.269435 -3.24279 0.063442 9.65513 
16.1 -0.147641 -0.0926177 0.727733 0.663346 10.1375 -13.8481 5.33906 -0.68684 0.328383 0.269435 -3.24279 0.063442 9.65513 
16.15 -0.151423 -0.0994848 0.729954 0.659046 10.3589 -13.7383 5.48455 -0.68684 0.328383 0.269435 -3.24279 0.063442 9.65513 
16.2 -0.155094 -0.106469 0.732011 0.654806 10.579 -13.6238 5.61885 -0.68684 0.328383 0.269435 -3.24279 0.063442 9.65513 
16.25 -0.158661 -0.113564 0.733896 0.650636 10.7976 -13.5047 5.73867 -0.68684 0.328383 0.269435 -3.24279 0.063442 9.65513 
16.3 -0.162131 -0.120765 0.735601 0.646545 11.0148 -13.3811 5.84107 -0.68684 0.328383 0.269435 -3.24279 0.063442 9.65513 
16.35 -0.165511 -0.128065 0.737117 0.642545 11.2305 -13.2529 5.92355 -0.68684 0.328383 0.269435 -3.24279 0.063442 9.65513 
16.4 -0.168808 -0.135458 0.738439 0.638642 11.4447 -13.1203 5.98407 -0.68684 0.328383 0.269435 -3.24279 0.063442 9.65513 
16.45 -0.17203 -0.142935 0.739558 0.634846 11.6572 -12.9832 6.02117 -0.68684 0.328383 0.269435 -3.24279 0.063442 9.65513 
16.5 -0.175185 -0.150491 0.740468 0.631165 11.8682 -12.8416 6.03394 -0.68684 0.328383 0.269435 -3.24279 0.063442 9.65513 
16.55 -0.178281 -0.158115 0.741165 0.627606 12.0774 -12.6957 6.02207 -0.68684 0.328383 0.269435 -3.24279 0.063442 9.65513 
16.6 -0.181326 -0.165801 0.741642 0.624177 12.2848 -12.5455 5.98588 -0.68684 0.328383 0.269435 -3.24279 0.063442 9.65513 
16.65 -0.184328 -0.173538 0.741896 0.620885 12.4905 -12.3909 5.92625 -0.68684 0.328383 0.269435 -3.24279 0.063442 9.65513 
16.7 -0.187296 -0.181319 0.741922 0.617734 12.6943 -12.232 5.84467 -0.68684 0.328383 0.269435 -3.24279 0.063442 9.65513 
16.75 -0.190237 -0.189133 0.741718 0.614731 12.8962 -12.0689 5.74316 -0.68684 0.328383 0.269435 -3.24279 0.063442 9.65513 
16.8 -0.193159 -0.19697 0.741279 0.61188 13.0961 -11.9017 5.62422 -0.68684 0.328383 0.269435 -3.24279 0.063442 9.65513 
16.85 -0.196072 -0.204822 0.740606 0.609186 13.2941 -11.7302 5.4908 -0.68684 0.328383 0.269435 -3.24279 0.063442 9.65513 
16.9 -0.198982 -0.212677 0.739695 0.606652 13.49 -11.5547 5.34618 -0.68684 0.328383 0.269435 -3.24279 0.063442 9.65513 
16.95 -0.201898 -0.220526 0.738545 0.604281 13.6838 -11.3751 5.19394 -0.68684 0.328383 0.269435 -3.24279 0.063442 9.65513 
17 -0.204828 -0.228358 0.737158 0.602077 13.8755 -11.1915 5.03783 -0.68684 0.328383 0.269435 -3.24279 0.063442 9.65513 
17.05 -0.20778 -0.236163 0.735532 0.600039 14.065 -11.0039 4.8817 -0.68684 0.328383 0.269435 -3.24279 0.063442 9.65513 
17.1 -0.210761 -0.24393 0.733669 0.59817 14.2523 -10.8124 4.7294 -0.68684 0.328383 0.269435 -3.24279 0.063442 9.65513 
17.15 -0.213778 -0.251649 0.731571 0.596469 14.4373 -10.617 4.5847 -0.68684 0.328383 0.269435 -3.24279 0.063442 9.65513 
17.2 -0.21684 -0.25931 0.729239 0.594937 14.6199 -10.4178 4.45115 -0.68684 0.328383 0.269435 -3.24279 0.063442 9.65513 
17.25 -0.219952 -0.266902 0.726676 0.593571 14.8003 -10.2147 4.33206 -0.68684 0.328383 0.269435 -3.24279 0.063442 9.65513 
17.3 -0.223122 -0.274416 0.723884 0.592372 14.9782 -10.008 4.23036 -0.68684 0.328383 0.269435 -3.24279 0.063442 9.65513 
17.35 -0.226356 -0.28184 0.720869 0.591335 15.1536 -9.79756 4.14855 -0.68684 0.328383 0.269435 -3.24279 0.063442 9.65513 
17.4 -0.22966 -0.289167 0.717633 0.590459 15.3266 -9.5835 4.08867 -0.68684 0.328383 0.269435 -3.24279 0.063442 9.65513 
17.45 -0.233041 -0.296385 0.714182 0.589738 15.4971 -9.36586 4.05218 -0.68684 0.328383 0.269435 -3.24279 0.063442 9.65513 
17.5 -0.236504 -0.303486 0.710521 0.58917 15.6649 -9.14469 4.03998 -0.68684 0.328383 0.269435 -3.24279 0.063442 9.65513 
17.55 -0.240055 -0.310462 0.706655 0.588749 15.8302 -8.92005 4.05238 -0.68684 0.328383 0.269435 -3.24279 0.063442 9.65513 
17.6 -0.243699 -0.317302 0.702591 0.588469 15.9928 -8.69198 4.08908 -0.68684 0.328383 0.269435 -3.24279 0.063442 9.65513 
17.65 -0.24744 -0.324 0.698335 0.588324 16.1527 -8.46056 4.14917 -0.68684 0.328383 0.269435 -3.24279 0.063442 9.65513 
17.7 -0.251283 -0.330548 0.693894 0.588307 16.3099 -8.22582 4.23117 -0.68684 0.328383 0.269435 -3.24279 0.063442 9.65513 
17.75 -0.255232 -0.336939 0.689276 0.588411 16.4643 -7.98784 4.33307 -0.68684 0.328383 0.269435 -3.24279 0.063442 9.65513 
17.8 -0.259291 -0.343165 0.684488 0.588628 16.616 -7.74665 4.45236 -0.68684 0.328383 0.269435 -3.24279 0.063442 9.65513 
17.85 -0.263464 -0.349221 0.679537 0.588949 16.7647 -7.50233 4.58609 -0.68684 0.328383 0.269435 -3.24279 0.063442 9.65513 
17.9 -0.267753 -0.355101 0.674433 0.589365 16.9106 -7.25494 4.73097 -0.68684 0.328383 0.269435 -3.24279 0.063442 9.65513 
17.95 -0.272161 -0.3608 0.669185 0.589867 17.0536 -7.00452 4.88343 -0.68684 0.328383 0.269435 -3.24279 0.063442 9.65513 
18 -0.276691 -0.366313 0.6638 0.590446 17.1936 -6.75115 5.03973 -0.68684 0.328383 0.269435 -3.24279 0.063442 9.65513 
18.05 -0.281344 -0.371638 0.658289 0.59109 17.3307 -6.49488 5.19599 -0.68684 0.328383 0.269435 -3.24279 0.063442 9.65513 
18.1 -0.286121 -0.376769 0.65266 0.591789 17.4647 -6.23577 5.34838 -0.68684 0.328383 0.269435 -3.24279 0.063442 9.65513 
18.15 -0.291025 -0.381706 0.646923 0.592533 17.5957 -5.97389 5.49314 -0.68684 0.328383 0.269435 -3.24279 0.063442 9.65513 
18.2 -0.296055 -0.386447 0.641088 0.59331 17.7236 -5.70929 5.62669 -0.68684 0.328383 0.269435 -3.24279 0.063442 9.65513 
18.25 -0.301212 -0.390989 0.635165 0.594108 17.8483 -5.44205 5.74574 -0.68684 0.328383 0.269435 -3.24279 0.063442 9.65513 
18.3 -0.306495 -0.395333 0.629164 0.594916 17.9699 -5.17223 5.84736 -0.68684 0.328383 0.269435 -3.24279 0.063442 9.65513 
18.35 -0.311905 -0.399479 0.623094 0.595723 18.0884 -4.89989 5.92904 -0.68684 0.328383 0.269435 -3.24279 0.063442 9.65513 
18.4 -0.317439 -0.403427 0.616967 0.596516 18.2036 -4.62509 5.98875 -0.68684 0.328383 0.269435 -3.24279 0.063442 9.65513 
18.45 -0.323097 -0.40718 0.610791 0.597283 18.3156 -4.34791 6.02503 -0.68684 0.328383 0.269435 -3.24279 0.063442 9.65513 
18.5 -0.328876 -0.41074 0.604577 0.598013 18.4243 -4.06841 6.03696 -0.68684 0.328383 0.269435 -3.24279 0.063442 9.65513 
18.55 -0.334774 -0.41411 0.598335 0.598694 18.5297 -3.78666 6.02426 -0.68684 0.328383 0.269435 -3.24279 0.063442 9.65513 
18.6 -0.340789 -0.417293 0.592076 0.599313 18.6318 -3.50273 5.98721 -0.68684 0.328383 0.269435 -3.24279 0.063442 9.65513 
18.65 -0.346916 -0.420294 0.585808 0.599859 18.7305 -3.21668 5.92673 -0.68684 0.328383 0.269435 -3.24279 0.063442 9.65513 
18.7 -0.353153 -0.423118 0.579542 0.600321 18.8259 -2.92859 5.84429 -0.68684 0.328383 0.269435 -3.24279 0.063442 9.65513 
18.75 -0.359495 -0.42577 0.573287 0.600687 18.9178 -2.63852 5.74192 -0.68684 0.328383 0.269435 -3.24279 0.063442 9.65513 
18.8 -0.365938 -0.428257 0.567053 0.600946 19.0064 -2.34655 5.62212 -0.68684 0.328383 0.269435 -3.24279 0.063442 9.65513 
18.85 -0.372475 -0.430585 0.56085 0.601088 19.0914 -2.05275 5.48783 -0.68684 0.328383 0.269435 -3.24279 0.063442 9.65513 
18.9 -0.379103 -0.432762 0.554685 0.601101 19.173 -1.75719 5.34236 -0.68684 0.328383 0.269435 -3.24279 0.063442 9.65513 
18.95 -0.385815 -0.434795 0.548568 0.600977 19.2511 -1.45994 5.18926 -0.68684 0.328383 0.269435 -3.24279 0.063442 9.65513 
19 -0.392605 -0.436693 0.542508 0.600705 19.3257 -1.16108 5.0323 -0.68684 0.328383 0.269435 -3.24279 0.063442 9.65513 
19.05 -0.399465 -0.438464 0.536512 0.600277 19.3968 -0.860674 4.87533 -0.68684 0.328383 0.269435 -3.24279 0.063442 9.65513 
19.1 -0.40639 -0.440118 0.530588 0.599683 19.4643 -0.558805 4.72221 -0.68684 0.328383 0.269435 -3.24279 0.063442 9.65513 
19.15 -0.413372 -0.441663 0.524745 0.598916 19.5282 -0.255545 4.57669 -0.68684 0.328383 0.269435 -3.24279 0.063442 9.65513 
19.2 -0.420403 -0.443111 0.518988 0.597967 19.5885 0.0490322 4.44234 -0.68684 0.328383 0.269435 -3.24279 0.063442 9.65513 
19.25 -0.427475 -0.44447 0.513326 0.596831 19.6452 0.35485 4.32246 -0.68684 0.328383 0.269435 -3.24279 0.063442 9.65513 
19.3 -0.434579 -0.445752 0.507764 0.595501 19.6983 0.661832 4.22 -0.68684 0.328383 0.269435 -3.24279 0.063442 9.65513 
19.35 -0.441708 -0.446966 0.502309 0.593971 19.7477 0.969904 4.13745 -0.68684 0.328383 0.269435 -3.24279 0.063442 9.65513 
19.4 -0.448852 -0.448123 0.496966 0.592235 19.7936 1.27899 4.07685 -0.68684 0.328383 0.269435 -3.24279 0.063442 9.65513 
19.45 -0.456001 -0.449235 0.49174 0.59029 19.8357 1.589 4.03966 -0.68684 0.328383 0.269435 -3.24279 0.063442 9.65513 
19.5 -0.463148 -0.450311 0.486636 0.588132 19.8742 1.89988 4.0268 -0.68684 0.328383 0.269435 -3.24279 0.063442 9.65513 
19.55 -0.470281 -0.451363 0.481659 0.585758 19.9089 2.21154 4.03857 -0.68684 0.328383 0.269435 -3.24279 0.063442 9.65513 
19.6 -0.477393 -0.452401 0.476811 0.583164 19.94 2.52389 4.07467 -0.68684 0.328383 0.269435 -3.24279 0.063442 9.65513 
19.65 -0.484472 -0.453436 0.472098 0.58035 19.9674 2.83687 4.1342 -0.68684 0.328383 0.269435 -3.24279 0.063442 9.65513 
19.7 -0.491509 -0.454479 0.46752 0.577315 19.9911 3.1504 4.21567 -0.68684 0.328383 0.269435 -3.24279 0.063442 9.65513 
19.75 -0.498494 -0.45554 0.463081 0.574058 20.011 3.4644 4.31708 -0.68684 0.328383 0.269435 -3.24279 0.063442 9.65513 
19.8 0.505418 0.45663 -0.458783 -0.570579 20.0273 3.77878 4.43592 -0.68684 0.328383 0.269435 -3.24279 0.063442 9.65513 
19.85 0.51227 0.457758 -0.454626 -0.56688 20.0398 4.09347 4.56925 -0.68684 0.328383 0.269435 -3.24279 0.063442 9.65513 
19.9 0.51904 0.458934 -0.450612 -0.562962 20.0485 4.4084 4.71377 -0.68684 0.328383 0.269435 -3.24279 0.063442 9.65513 
19.95 0.525719 0.460168 -0.446741 -0.558827 20.0536 4.72348 4.86592 -0.68684 0.328383 0.269435 -3.24279 0.063442 9.65513 
20 0.532297 0.461468 -0.443012 -0.554479 20.0549 5.03863 5.02194 -0.68684 0.328383 0.269435 -3.24279 0.063442 9.65513 
