1.666670  0.915299 -2.747920 -0.165727 -0.075754  0.174738  0.112484  0.975231
1.666670  0.915299 -2.747920 -0.165727 -0.075754  0.174738  0.112484  0.975231
1403638522.827830 0.020021 0.005823 0.182206  0.818886  0.023182  0.570789 -0.055571
1403638522.927830 0.029133 0.008240 0.281812  0.813522  0.018126  0.577225 -0.068302
1403638523.027829 0.032726 0.004499 0.344561  0.809470  0.015135  0.582478 -0.072451
1403638523.127830  0.032800 -0.000630  0.366552  0.808014  0.015567  0.584519 -0.072164
1403638523.227829  0.030998 -0.006885  0.378587  0.806504  0.015363  0.587117 -0.067891
1403638523.327830  0.029832 -0.013368  0.360448  0.804182  0.014728  0.591315 -0.058486
1403638523.427830  0.028973 -0.018566  0.324073  0.805102  0.015405  0.590361 -0.055201
1403638523.527829  0.025681 -0.024606  0.278406  0.811896  0.019072  0.581419 -0.049127
1403638523.627830  0.019869 -0.032175  0.227782  0.822176  0.022914  0.567247 -0.041625
1403638523.727829  0.014115 -0.038218  0.179428  0.829177  0.025751  0.557181 -0.036757
1403638523.827830  0.007823 -0.043011  0.134335  0.831598  0.028396  0.553574 -0.034561
1403638523.927830  0.000951 -0.048373  0.094370  0.831197  0.032700  0.554340 -0.027367
1403638524.027829 -0.004079 -0.051496  0.070085  0.832669  0.040360  0.551985 -0.018605
1403638524.127830 -0.006767 -0.051417  0.071911  0.836963  0.047904  0.544959 -0.014748
1403638524.227829 -0.006139 -0.050119  0.108759  0.840260  0.050582  0.539467 -0.019517
1403638524.327830 -0.003253 -0.050161  0.158943  0.839086  0.050316  0.540951 -0.027831
1403638524.427830  0.002883 -0.049240  0.217009  0.834451  0.048089  0.547762 -0.036562
1403638524.527829  0.010411 -0.047835  0.277680  0.826252  0.047236  0.559763 -0.041737
1403638524.627830  0.019284 -0.045367  0.335257  0.818254  0.043573  0.571655 -0.042106
1403638524.727829  0.027632 -0.041268  0.382984  0.813281  0.038307  0.579676 -0.032912
1403638524.827830  0.033474 -0.036694  0.416103  0.810652  0.033278  0.584224 -0.020436
1403638524.927830  0.037760 -0.031865  0.434575  0.809554  0.033222  0.585596 -0.024408
1403638525.027829  0.037941 -0.029912  0.433923  0.807282  0.036756  0.588312 -0.028882
1403638525.127830  0.039123 -0.028557  0.409726  0.804860  0.040773  0.591547 -0.024714
1403638525.227829  0.039844 -0.028466  0.368471  0.805057  0.045846  0.590954 -0.023535
1403638525.327830  0.038519 -0.027490  0.316216  0.810915  0.050697  0.582451 -0.024425
1403638525.427830  0.034703 -0.028525  0.262676  0.822090  0.054279  0.565973 -0.029921
1403638525.527829  0.030840 -0.028846  0.212913  0.833474  0.055083  0.548404 -0.039232
1403638522.827830 0.020021 0.005823 0.182206  0.818886  0.023182  0.570789 -0.055571
1403638522.927830 0.029133 0.008240 0.281812  0.813522  0.018126  0.577225 -0.068302
1403638523.027829 0.032726 0.004499 0.344561  0.809470  0.015135  0.582478 -0.072451
1403638523.127830  0.032800 -0.000630  0.366552  0.808014  0.015567  0.584519 -0.072164
1403638523.227829  0.030998 -0.006885  0.378587  0.806504  0.015363  0.587117 -0.067891
1403638523.327830  0.029832 -0.013368  0.360448  0.804182  0.014728  0.591315 -0.058486
1403638523.427830  0.028973 -0.018566  0.324073  0.805102  0.015405  0.590361 -0.055201
1403638523.527829  0.025681 -0.024606  0.278406  0.811896  0.019072  0.581419 -0.049127
1403638523.627830  0.019869 -0.032175  0.227782  0.822176  0.022914  0.567247 -0.041625
1403638523.727829  0.014115 -0.038218  0.179428  0.829177  0.025751  0.557181 -0.036757
1403638523.827830  0.007823 -0.043011  0.134335  0.831598  0.028396  0.553574 -0.034561
1403638523.927830  0.000951 -0.048373  0.094370  0.831197  0.032700  0.554340 -0.027367
1403638524.027829 -0.004079 -0.051496  0.070085  0.832669  0.040360  0.551985 -0.018605
1403638524.127830 -0.006767 -0.051417  0.071911  0.836963  0.047904  0.544959 -0.014748
1403638524.227829 -0.006139 -0.050119  0.108759  0.840260  0.050582  0.539467 -0.019517
1403638524.327830 -0.003253 -0.050161  0.158943  0.839086  0.050316  0.540951 -0.027831
1403638524.427830  0.002883 -0.049240  0.217009  0.834451  0.048089  0.547762 -0.036562
1403638524.527829  0.010411 -0.047835  0.277680  0.826252  0.047236  0.559763 -0.041737
1403638524.627830  0.019284 -0.045367  0.335257  0.818254  0.043573  0.571655 -0.042106
1403638524.727829  0.027632 -0.041268  0.382984  0.813281  0.038307  0.579676 -0.032912
1403638524.827830  0.033474 -0.036694  0.416103  0.810652  0.033278  0.584224 -0.020436
1403638524.927830  0.037760 -0.031865  0.434575  0.809554  0.033222  0.585596 -0.024408
1403638525.027829  0.037941 -0.029912  0.433923  0.807282  0.036756  0.588312 -0.028882
1403638525.127830  0.039123 -0.028557  0.409726  0.804860  0.040773  0.591547 -0.024714
1403638525.227829  0.039844 -0.028466  0.368471  0.805057  0.045846  0.590954 -0.023535
1403638525.327830  0.038519 -0.027490  0.316216  0.810915  0.050697  0.582451 -0.024425
1403638525.427830  0.034703 -0.028525  0.262676  0.822090  0.054279  0.565973 -0.029921
1403638525.527829  0.030840 -0.028846  0.212913  0.833474  0.055083  0.548404 -0.039232
1403638525.627830  0.028059 -0.030710  0.169991  0.839320  0.053366  0.539309 -0.042898
1403638525.727829  0.026806 -0.034021  0.135741  0.839886  0.049238  0.538925 -0.041565
1403638525.827830  0.026078 -0.034024  0.109469  0.836927  0.043331  0.544326 -0.037196
1403638525.927830  0.024443 -0.037035  0.092074  0.833930  0.040505  0.549662 -0.028141
1403638522.827830 0.020021 0.005823 0.182206  0.818886  0.023182  0.570789 -0.055571
1403638522.927830 0.029133 0.008240 0.281812  0.813522  0.018126  0.577225 -0.068302
1403638523.027829 0.032726 0.004499 0.344561  0.809470  0.015135  0.582478 -0.072451
1403638523.127830  0.032800 -0.000630  0.366552  0.808014  0.015567  0.584519 -0.072164
1403638523.227829  0.030998 -0.006885  0.378587  0.806504  0.015363  0.587117 -0.067891
1403638523.327830  0.029832 -0.013368  0.360448  0.804182  0.014728  0.591315 -0.058486
1403638523.427830  0.028973 -0.018566  0.324073  0.805102  0.015405  0.590361 -0.055201
1403638523.527829  0.025681 -0.024606  0.278406  0.811896  0.019072  0.581419 -0.049127
1403638523.627830  0.019869 -0.032175  0.227782  0.822176  0.022914  0.567247 -0.041625
1403638523.727829  0.014115 -0.038218  0.179428  0.829177  0.025751  0.557181 -0.036757
1403638523.827830  0.007823 -0.043011  0.134335  0.831598  0.028396  0.553574 -0.034561
1403638523.927830  0.000951 -0.048373  0.094370  0.831197  0.032700  0.554340 -0.027367
1403638524.027829 -0.004079 -0.051496  0.070085  0.832669  0.040360  0.551985 -0.018605
1403638524.127830 -0.006767 -0.051417  0.071911  0.836963  0.047904  0.544959 -0.014748
1403638524.227829 -0.006139 -0.050119  0.108759  0.840260  0.050582  0.539467 -0.019517
1403638524.327830 -0.003253 -0.050161  0.158943  0.839086  0.050316  0.540951 -0.027831
1403638524.427830  0.002883 -0.049240  0.217009  0.834451  0.048089  0.547762 -0.036562
1403638524.527829  0.010411 -0.047835  0.277680  0.826252  0.047236  0.559763 -0.041737
1403638524.627830  0.019284 -0.045367  0.335257  0.818254  0.043573  0.571655 -0.042106
1403638524.727829  0.027632 -0.041268  0.382984  0.813281  0.038307  0.579676 -0.032912
1403638524.827830  0.033474 -0.036694  0.416103  0.810652  0.033278  0.584224 -0.020436
1403638524.927830  0.037760 -0.031865  0.434575  0.809554  0.033222  0.585596 -0.024408
1403638525.027829  0.037941 -0.029912  0.433923  0.807282  0.036756  0.588312 -0.028882
1403638525.127830  0.039123 -0.028557  0.409726  0.804860  0.040773  0.591547 -0.024714
1403638525.227829  0.039844 -0.028466  0.368471  0.805057  0.045846  0.590954 -0.023535
1403638525.327830  0.038519 -0.027490  0.316216  0.810915  0.050697  0.582451 -0.024425
1403638525.427830  0.034703 -0.028525  0.262676  0.822090  0.054279  0.565973 -0.029921
1403638525.527829  0.030840 -0.028846  0.212913  0.833474  0.055083  0.548404 -0.039232
1403638525.627830  0.028059 -0.030710  0.169991  0.839320  0.053366  0.539309 -0.042898
1403638525.727829  0.026806 -0.034021  0.135741  0.839886  0.049238  0.538925 -0.041565
1403638525.827830  0.026078 -0.034024  0.109469  0.836927  0.043331  0.544326 -0.037196
1403638525.927830  0.024443 -0.037035  0.092074  0.833930  0.040505  0.549662 -0.028141
1403638526.027829  0.021792 -0.050471  0.085236  0.834228  0.040154  0.549519 -0.021923
1403638526.127830  0.017040 -0.076819  0.091808  0.836796  0.033939  0.546119 -0.019365
1403638526.227829  0.013411 -0.109493  0.103494  0.837806  0.024549  0.545145 -0.017170
1403638526.327830  0.007599 -0.147331  0.117998  0.834936  0.016042  0.549932 -0.014129
1403638526.427830 -0.000519 -0.190382  0.131754  0.830106  0.006453  0.557445 -0.011756
1403638526.527829 -0.011075 -0.236996  0.142577  0.824950 -0.005199  0.565076 -0.010916
1403638526.627830 -0.022401 -0.290913  0.150015  0.819394 -0.014795  0.572976 -0.008507
1403638526.727829 -0.036022 -0.351600  0.155829  0.815318 -0.021972  0.578588 -0.003079
1403638526.827830 -0.051904 -0.416220  0.159890  0.813105 -0.025600  0.581507  0.007348
1403638526.927830 -0.069177 -0.478971  0.163001  0.814292 -0.029589  0.579581  0.011831
1403638527.027829 -0.085278 -0.538388  0.166007  0.818596 -0.039313  0.572751  0.017664
1403638527.127830 -0.098848 -0.592842  0.170419  0.822177 -0.054204  0.566065  0.025655
1403638527.227829 -0.108966 -0.638610  0.176500  0.821521 -0.068823  0.564970  0.034272
1403638527.327830 -0.114261 -0.670098  0.183525  0.816986 -0.080455  0.568916  0.048956
1403638527.427830 -0.112239 -0.683283  0.188482  0.812198 -0.086681  0.573480  0.062784
1403638527.527829 -0.105694 -0.674853  0.190452  0.810116 -0.089256  0.575301  0.069102
1403638527.627830 -0.092367 -0.643603  0.189411  0.810319 -0.088543  0.575091  0.069386
1403638527.727829 -0.077158 -0.598528  0.188090  0.811038 -0.081954  0.575446  0.066046
1403638527.827830 -0.062280 -0.546206  0.188891  0.813538 -0.076305  0.573693  0.056654
1403638527.927830 -0.044322 -0.489377  0.192398  0.816021 -0.071646  0.571999  0.042359
1403638528.027829 -0.022874 -0.430998  0.194265  0.815420 -0.065341  0.574042  0.035998
1403638528.127830 -0.002778 -0.372802  0.193417  0.814665 -0.057090  0.576489  0.026861
1403638528.227829  0.019845 -0.320360  0.189721  0.815966 -0.047166  0.575961  0.015617
1403638528.327830  0.048259 -0.276864  0.184208  0.816806 -0.036600  0.575734  0.004331
1403638528.427830  0.079699 -0.245827  0.178205  0.815406 -0.030823  0.578065  0.001926
1403638528.527829  0.114347 -0.224117  0.173207  0.816082 -0.030629  0.577113  0.003568
1403638528.627830  0.149272 -0.208059  0.170870  0.818195 -0.037816  0.573688  0.002826
1403638528.727829  0.181634 -0.197110  0.172160  0.818203 -0.043338  0.573276  0.004499
1403638528.827830  0.203317 -0.189707  0.177024  0.817069 -0.049252  0.574400  0.006157
1403638528.927830  0.208779 -0.183372  0.186935  0.816191 -0.056949  0.574968 -0.000240
1403638529.027829  0.198962 -0.174889  0.202829  0.816826 -0.061147  0.573605 -0.005846
1403638529.127830  0.173998 -0.162345  0.217183  0.817611 -0.057673  0.572856  0.004733
1403638522.827830 0.020021 0.005823 0.182206  0.818886  0.023182  0.570789 -0.055571
1403638522.927830 0.029133 0.008240 0.281812  0.813522  0.018126  0.577225 -0.068302
1403638523.027829 0.032726 0.004499 0.344561  0.809470  0.015135  0.582478 -0.072451
1403638523.127830  0.032800 -0.000630  0.366552  0.808014  0.015567  0.584519 -0.072164
1403638523.227829  0.030998 -0.006885  0.378587  0.806504  0.015363  0.587117 -0.067891
1403638523.327830  0.029832 -0.013368  0.360448  0.804182  0.014728  0.591315 -0.058486
1403638523.427830  0.028973 -0.018566  0.324073  0.805102  0.015405  0.590361 -0.055201
1403638523.527829  0.025681 -0.024606  0.278406  0.811896  0.019072  0.581419 -0.049127
1403638523.627830  0.019869 -0.032175  0.227782  0.822176  0.022914  0.567247 -0.041625
1403638523.727829  0.014115 -0.038218  0.179428  0.829177  0.025751  0.557181 -0.036757
1403638523.827830  0.007823 -0.043011  0.134335  0.831598  0.028396  0.553574 -0.034561
1403638523.927830  0.000951 -0.048373  0.094370  0.831197  0.032700  0.554340 -0.027367
1403638524.027829 -0.004079 -0.051496  0.070085  0.832669  0.040360  0.551985 -0.018605
1403638524.127830 -0.006767 -0.051417  0.071911  0.836963  0.047904  0.544959 -0.014748
1403638524.227829 -0.006139 -0.050119  0.108759  0.840260  0.050582  0.539467 -0.019517
