0.2869515169
0.1953118335
0.1573551594
0.1353509496
0.1205659356
0.10976015
0.1014199784
0.09473152933
0.08921320843
0.08455948937
0.08056597412
0.07402887977
0.06886347561
0.06464882268
0.06112511295
0.05677801339
0.05324518073
0.05030062314
0.04704280071
0.04374338563
0.04105547147
0.03840491931
0.03588148126
0.03380043727
0.0315934082
0.0295884547
0.02762539348
0.02588883465
0.02424566852
0.02271928038
0.02131752809
0.0199290041
0.01869496349
0.01752086248
0.01642673745
0.01539575584
0.01442119697
0.01353423658
0.01269071988
0.01190584257
0.0111765672
0.0105005656
0.00986968486
0.009279976438
0.008729618411
0.008217657838
0.007743299499
0.007301311229
0.006892761895
0.0065147007
0.006163133278
0.005839051219
0.005540166324
0.005263934287
0.005010069623
0.004777317398
0.004563843712
0.004368864577
0.004191317268
0.004029624717
0.003883391853
0.003751297195
0.003632517304
0.003526236112
0.003431635737
0.003347921228
0.003274487663
0.003210612154
0.003155755375
0.003109382503
0.003071049973
0.003040352672
0.003016989119
0.003000707993
0.002991335232
0.00298876793
0.002992979746
0.00300401473
0.00302199454
0.00304711201
0.00307962829
0.003119880172
0.003168268638
0.003225267311
0.003291409929
0.003367289773
0.00345356469
0.003550943692
0.003660198489
0.003782141333
0.003917646735
0.00406763191
