0.2688096567
0.1900006596
0.1552016274
0.1344862991
0.1203268306
0.1099098151
0.1018069031
0.09526169035
0.08984730936
0.0852580451
0.08128815063
0.07476083627
0.06956361125
0.06532193721
0.06176571073
0.05736525054
0.05379960107
0.05085931335
0.0476264812
0.04433343552
0.04163630689
0.0389665644
0.03640350806
0.03426369202
0.03199838403
0.02992716063
0.02790741289
0.02609214033
0.02439333192
0.02280865445
0.02137795377
0.01997223296
0.01873076518
0.01755976115
0.01644274484
0.01536649456
0.01435950103
0.01343086604
0.01256032337
0.01179580204
0.01109619832
0.01041973723
0.009770543215
0.009134070604
0.008501862647
0.007898147876
0.007349685984
0.006829339963
0.006379643924
0.005948019021
0.005555510229
0.005207858687
0.004913177349
0.004652208139
0.004438680744
0.004266771432
0.0041012145
0.003939174748
0.003790811553
0.00364462607
0.003528852714
0.003447000974
0.003422744757
0.003443329011
0.003484429788
0.003542717542
0.003618992125
0.003723523363
0.003853950989
0.004049781831
0.004313029974
0.004648647984
0.005042496139
0.005481120506
0.005950555699
0.006416992851
0.006859386848
0.007265500629
0.007631164711
0.007910029438
0.008143639701
0.008444760624
0.008980465639
0.009802103455
0.01088468255
0.01218203516
0.01374220725
0.01564974975
0.01785173659
0.02035325417
0.02310606267
0.02561738747
