0.2685883909
0.1897192069
0.1549397252
0.1341770485
0.1200714018
0.1096347088
0.1014904726
0.09492117464
0.08947228855
0.0848560131
0.08088064502
0.0743524498
0.06918434973
0.06493016083
0.06136931093
0.05700902994
0.05348992072
0.05054661764
0.04731995297
0.04406137389
0.04140432113
0.03876577898
0.036253896
0.03417729294
0.03197145548
0.02992114853
0.0279080945
0.02610463267
0.02436624474
0.02277038243
0.02131868803
0.01988630175
0.01865066794
0.0175087896
0.01641439876
0.01539575532
0.01438843254
0.01343942416
0.01252969491
0.01169939751
0.01092164666
0.01022957527
0.009606548175
0.009011440952
0.008455895463
0.007939264916
0.007485033172
0.007071792796
0.006704028759
0.006337781912
0.005986913752
0.005640300932
0.005328100806
0.005042317008
0.004767219874
0.004501046378
0.004264707535
0.004040028996
0.00381655118
0.003620775285
0.00349050972
0.003383202516
0.003302556544
0.003265690964
0.003269282273
0.003302659682
0.003352555286
0.003412931235
0.003510998379
0.003653696983
0.003790334845
0.003941147347
0.004100905735
0.00423210219
0.004335982806
0.004410402008
0.0044496318
0.004440074181
0.004420960033
0.004418193649
0.004380031755
0.00424645221
0.004003373699
0.003604460853
0.003144297326
0.002773292648
0.002450074379
0.002228052911
0.002223580738
0.002353415769
0.002503819802
0.002624329817
