43749.89619
30913.29405
25261.09277
21898.17643
19598.29136
17897.75797
16574.80732
15507.95416
14627.17322
13877.41482
13230.19974
12170.44362
11334.08215
10649.13906
10072.50686
9363.354728
8785.702384
8298.371922
7753.57299
7200.342873
6749.437416
6310.834415
5894.739265
5552.595846
5189.337343
4860.253247
4533.593809
4241.113155
3968.241081
3718.634318
3487.911633
3256.754716
3052.36455
2860.836693
2677.362407
2499.94979
2339.291153
2195.986171
2058.147427
1932.339573
1819.727621
1712.097571
1608.175497
1505.880242
1404.021501
1310.039572
1220.72949
1137.083608
1065.099918
1002.265815
943.6993639
887.2367503
835.8811596
784.8865012
737.3797644
691.2681611
653.8252459
618.5911076
589.4938204
558.3379662
529.489463
500.6407891
469.1997956
434.3855964
399.7934172
363.8702172
335.4479596
308.7857607
286.4438615
268.7984564
257.7111736
243.365259
231.3294823
225.8254419
222.8903235
222.7020601
226.4278942
231.5578758
232.9044438
229.1069393
224.1656693
218.1585149
209.0924409
203.1943642
202.6055287
214.6264049
234.1550253
259.8040762
293.7780071
330.5627836
373.7097706
414.1738388
