44277.36151
31002.75573
25229.85475
21813.36288
19490.96965
17780.88711
16454.07752
15385.90227
14501.96148
13754.73751
13112.27137
12058.22068
11223.35123
10540.91087
9969.530113
9263.646812
8689.209556
8209.911225
7679.089442
7140.930678
6702.09881
6269.001515
5856.331247
5515.747518
5154.275042
4825.641937
4503.617263
4218.512944
3948.512706
3697.474139
3466.712227
3237.884126
3034.27534
2840.308068
2659.293852
2488.451811
2326.664633
2179.118856
2038.477676
1907.271248
1785.00006
1671.284427
1564.76135
1464.767403
1370.996587
1283.292633
1201.530965
1124.820567
1053.36002
986.6528937
924.0092312
865.6243957
811.1137226
760.0386017
712.3755889
667.9277233
626.3859266
587.6429087
551.5409601
517.8151233
486.4450953
457.2170079
430.0208795
404.7482171
381.287671
359.5280861
339.4021837
320.804146
303.669615
287.9251401
273.5129538
260.3712273
248.4583742
237.7310739
228.1547217
219.6979689
212.3379102
206.0560609
200.8361138
196.6675479
193.542932
191.4566705
190.40569
190.3885013
191.405321
193.4577772
196.5493603
200.6855222
205.8747063
212.1280409
219.4610405
227.8932848
