43738.70336
30888.09672
25235.59496
21879.47458
19575.22702
17863.97826
16531.58776
15454.44382
14565.11766
13814.78874
13172.86937
12120.40124
11289.14729
10606.98398
10034.93303
9331.27532
8753.548342
8271.744036
7742.149583
7205.21504
6768.11881
6337.377672
5927.377474
5588.857481
5228.354303
4897.768413
4567.182764
4280.23908
4007.841008
3754.681008
3519.193629
3292.333424
3089.814594
2894.637319
2713.341666
2543.317704
2378.502075
2225.958808
2076.748319
1937.516664
1803.90111
1680.74707
1565.253721
1458.184723
1356.604771
1264.319026
1179.851106
1101.080691
1028.363838
962.5297295
902.2498087
845.813776
793.7400309
740.216324
684.5199838
628.0923962
580.8246582
537.5249556
501.7811357
470.8757458
441.6753355
409.962917
376.3557218
343.3909658
312.666897
287.9037642
268.7094327
254.1896804
242.4159735
234.4451514
224.7461491
217.4697659
204.9540048
190.8102394
174.7640083
163.8170961
158.5238833
156.8209791
159.7754409
166.9012218
175.8521632
183.9306499
191.4116515
199.8420302
201.6092232
205.5421906
215.0090487
236.6159206
269.4790675
311.0321358
356.1634298
398.9238826
