43757.0073
30948.15842
25240.25017
21849.52306
19536.36393
17838.76395
16513.42479
15443.58169
14560.83723
13811.32177
13166.55597
12111.51922
11274.35054
10590.23066
10023.84439
9329.805281
8764.465675
8288.022429
7763.128115
7231.52603
6792.292227
6354.57522
5934.084698
5592.670929
5227.624297
4892.335989
4559.122887
4267.78221
3987.985808
3725.656993
3481.867117
3242.029316
3032.265597
2834.151409
2655.190441
2487.359019
2329.119642
2181.098565
2036.96082
1898.006706
1768.235333
1650.914364
1546.322931
1451.597534
1363.765137
1282.558464
1206.74915
1130.765651
1060.262411
995.1977317
937.6935817
880.9206377
823.9839604
767.6902495
711.0705088
657.9809346
611.2655481
570.0546354
534.0918328
504.1951164
474.1173478
443.6645198
417.1515227
398.9899972
381.0524386
365.5144234
351.0335992
333.1944002
316.6473138
301.2400333
287.0278872
268.6309044
250.6510067
229.9158753
212.8889904
201.0950004
193.5307787
189.8748935
192.6683619
198.3888743
200.3086245
199.5490412
202.0773188
203.209685
201.910397
201.7048755
200.8342568
198.2375002
194.8873089
197.8804083
215.6694028
229.9018547
