0.2690542859
0.1903571538
0.155438257
0.1346794536
0.1204988314
0.1100566626
0.1018633263
0.09528942609
0.08983335907
0.08521234562
0.08122586801
0.07467499041
0.06948612525
0.06523614097
0.06168164387
0.0573128391
0.05375201343
0.05078870278
0.04751064076
0.04418311585
0.04147216838
0.03881249564
0.03627225645
0.03416162237
0.03192017878
0.02987482892
0.02787267553
0.02610721081
0.02446092991
0.02294041159
0.02154509109
0.02017391247
0.01895935004
0.01778306557
0.01667969789
0.01561690412
0.014600419
0.01365386342
0.01276594595
0.01195195035
0.01121738167
0.01051586605
0.009865372851
0.009243875303
0.008661506894
0.008102215828
0.007585800748
0.007091613252
0.006634803029
0.00618314095
0.005772090489
0.005391021692
0.005044176049
0.004741022864
0.004504744938
0.004309890821
0.004129439392
0.003967634813
0.003842452807
0.003750384986
0.00364816275
0.003571218829
0.003516173057
0.00347854695
0.003444103215
0.003439849948
0.003480700222
0.003550948328
0.003647520472
0.003801458785
0.004026088013
0.004303580428
0.004618965462
0.004966845303
0.00534856095
0.005764330805
0.006213820704
0.006713690339
0.007277271943
0.007898185761
0.008578328892
0.009345105821
0.01019452261
0.01106948064
0.01187630978
0.01252174956
0.0131056914
0.01380585286
0.01489979357
0.01635900996
0.01786795604
0.01909886803
