0.2777795082
0.1941962741
0.1579507988
0.1365245914
0.1219689744
0.1112552278
0.1029449527
0.09625591686
0.09072141038
0.08604346376
0.08202172875
0.07542425556
0.0701992563
0.06592857871
0.06235312904
0.057936277
0.05434209723
0.05134330458
0.04802225633
0.04465540344
0.04191002403
0.03920056142
0.03661891671
0.03448825247
0.0322269118
0.0301710055
0.02815642864
0.0263728092
0.02468366503
0.02311313184
0.02166944176
0.02023784595
0.01896403414
0.01775056303
0.0166181688
0.01554947883
0.01453753671
0.01361481744
0.01273548236
0.01191541247
0.01115155193
0.01044160622
0.009777163235
0.00915421291
0.008571008251
0.008026767262
0.007520935362
0.00704827366
0.006610333238
0.006204445203
0.005826900254
0.005479452035
0.00516045336
0.004868141471
0.004603317036
0.004365898259
0.004155397462
0.003972553599
0.003817926585
0.003691763284
0.003595290016
0.003528955401
0.003493438214
0.003489170942
0.003516326272
0.00357487774
0.003664484265
0.003784833879
0.003935435061
0.004115961816
0.004326166757
0.004566211615
0.004836346972
0.005137305105
0.005470147481
0.005836449987
0.006238132471
0.00667758047
0.007157864371
0.007682519456
0.008255685572
0.008882333597
0.009568180376
0.01031997083
0.01114546797
0.01205365497
0.01305501385
0.01416161373
0.01538752317
0.01674886975
0.01826442873
0.01995578453
