0.2684024446
0.189820658
0.1550270587
0.1341939092
0.1200611027
0.1095957815
0.1014819218
0.09495687866
0.08952982348
0.08491842214
0.08095926613
0.07447836003
0.06935014815
0.06516164169
0.06164998827
0.05732555587
0.05378657551
0.05081466308
0.04749781742
0.04413391921
0.04139352168
0.03868608095
0.03612381391
0.03402223199
0.03182035318
0.02981587415
0.02784696719
0.02609681467
0.02442599219
0.02288909611
0.02146907075
0.02009150895
0.01882536984
0.01762214891
0.01650701289
0.0154760565
0.01449318693
0.01360538932
0.01276930029
0.01196083566
0.01117352415
0.01041639041
0.009741376673
0.009108120417
0.008532342645
0.008015081403
0.007549078811
0.007082726251
0.006638968927
0.006211054685
0.005791994548
0.005406483479
0.005051292157
0.004711371099
0.004410322245
0.004173455751
0.003992142677
0.003839070961
0.003745830476
0.003682779092
0.003631985219
0.003581298026
0.00354267479
0.003531083042
0.003526866005
0.003554624393
0.003591139291
0.003648150564
0.003735000177
0.003851898543
0.004014746466
0.004225858385
0.004450547688
0.004675753729
0.004874175425
0.005017562823
0.005118405705
0.005242949578
0.00540855328
0.005668335552
0.006030197132
0.006427892896
0.006793935945
0.007039542822
0.007045379966
0.006741273024
0.006214055599
0.005742554177
0.005613238143
0.006192590075
0.007103906272
0.007986069935
