0.2747043856
0.1916990324
0.1558224269
0.1346424082
0.1202645171
0.1096864811
0.1014840998
0.09488346117
0.08942307779
0.08480843928
0.08084158926
0.07433501768
0.06918272556
0.06497191366
0.06144686921
0.05709262152
0.05354964411
0.05059373865
0.04732035275
0.04400198709
0.04129626166
0.03862603045
0.03608184972
0.03398216237
0.03175375162
0.02972782824
0.02774267
0.0259851262
0.02432070045
0.02277316947
0.02135063927
0.01994003963
0.01868492037
0.01748926475
0.01637350242
0.01532051406
0.01432344396
0.01341428845
0.01254788149
0.01173986971
0.01098724136
0.01028773498
0.009633061652
0.009019269851
0.008444638019
0.007908395612
0.007409996453
0.006944279274
0.006512773579
0.006112851697
0.005740862043
0.005398537285
0.005084261538
0.004796308467
0.00453548147
0.004301720069
0.004094571835
0.003914801353
0.003763007688
0.003639496978
0.00354554989
0.003481701328
0.003448727001
0.003447176846
0.003477364532
0.003539432171
0.003633231761
0.003758689841
0.003915591544
0.004103946988
0.00432390818
0.004576125194
0.004861423901
0.005181234244
0.005537449819
0.005932648989
0.006369939405
0.00685311708
0.007386942866
0.007976939857
0.008629584817
0.009352608644
0.01015494637
0.01104711058
0.01204122886
0.01315132752
0.01439371552
0.0157871362
0.01735332139
0.0191171021
0.02110719413
0.02335644007
