0.2752364668
0.1917327301
0.1557552591
0.1345431523
0.1201537538
0.109572069
0.101369455
0.09477016962
0.08931188576
0.08469967952
0.08073538119
0.07423387298
0.06908632434
0.06487984511
0.0613587293
0.05700969867
0.05347125288
0.05051931902
0.04725052953
0.04393703327
0.04123543416
0.03856941394
0.03602937689
0.03393320975
0.03170864001
0.02968630915
0.02770477257
0.02595052793
0.02428931661
0.02274486323
0.02132524825
0.01991763316
0.01866526013
0.01747231266
0.0163591713
0.01530875252
0.01431421483
0.01340746493
0.01254344782
0.01173776073
0.0109873893
0.01029006517
0.009637509784
0.009025766769
0.008453098492
0.007918709593
0.007422021822
0.006957849788
0.006527666693
0.006128791165
0.005757502977
0.005415436373
0.005100864579
0.004811919268
0.004549238271
0.004312568614
0.004101225082
0.003915726762
0.003756409129
0.003623274213
0.003517366415
0.003438947081
0.003388579914
0.003366640566
0.003373287704
0.003408496767
0.00347196632
0.003563333897
0.003682033449
0.003827546937
0.003999339916
0.004197129955
0.004420622779
0.004669829318
0.00494492976
0.005246409135
0.005574892235
0.005931214012
0.006316557907
0.006732229613
0.00717971733
0.007660805121
0.008177431213
0.008731818488
0.009326368557
0.009963704118
0.01064674433
0.01137862891
0.01216284532
0.01300310267
0.01390352581
0.01486855448
