43770.83708
30955.93796
25299.11996
21924.24103
19610.63521
17904.63825
16575.00967
15506.24525
14622.31819
13874.15649
13230.22624
12171.99792
11333.52922
10645.50772
10070.059
9361.374963
8785.95641
8306.688697
7768.945163
7224.134504
6779.310336
6339.101724
5915.85703
5569.546641
5205.22389
4868.119494
4537.190216
4245.652491
3966.599933
3709.928953
3480.535026
3252.326178
3047.859463
2850.522974
2665.175989
2485.849257
2315.20671
2160.37794
2016.976696
1885.140331
1763.289698
1651.25046
1543.759488
1441.177468
1345.425293
1261.183114
1180.908996
1105.232422
1037.636472
973.6801452
907.947857
844.1957325
784.6896141
725.8686342
671.9140831
624.8515076
585.3689422
550.9361226
519.3416145
487.8311091
453.2809409
418.8549894
384.3340033
346.1761318
312.6313382
289.2712144
272.4644282
257.7827758
250.7273787
243.1859327
233.0779169
221.4981971
211.42087
202.8907986
197.4239393
193.1395211
191.1472058
189.4020262
184.2927928
179.1429887
169.5859855
164.7215535
167.2241472
182.9014834
204.9726153
234.4583295
268.2432097
304.2366997
344.7974771
393.7725058
448.3499328
508.1263481
