0.005024126883
0.01004825377
0.01507238065
0.02009650753
0.02512063442
0.0301447613
0.03516888818
0.04019301507
0.04521714195
0.05024126883
0.05526539572
0.06531364948
0.07536190325
0.08541015701
0.09545841078
0.1105307914
0.1256031721
0.1406755527
0.1607720603
0.1858926947
0.2110133291
0.2411580904
0.2763269786
0.3114958668
0.3567130087
0.4069542775
0.4672438001
0.5325574496
0.6079193529
0.6933295099
0.7887879207
0.904342839
1.029946011
1.175645691
1.341441878
1.532358699
1.753420282
1.9996025
2.285977732
2.612545979
2.984331369
3.406358027
3.888674208
4.441328165
5.074368152
5.797842423
6.621799232
7.566335086
8.641498239
9.867385199
11.27414073
12.8768372
14.70561939
16.8006803
19.19216469
21.92026559
25.04024839
28.60235435
32.66687299
37.31921449
42.62469248
48.68881363
55.6170846
63.53008444
72.5684887
82.89809357
94.68971937
108.1644277
123.5533283
141.1327483
161.2091593
184.1493227
210.3501443
240.2788682
274.4630275
313.5155658
358.1247884
409.0744591
467.278969
533.7682642
609.7129662
696.4645651
795.5554196
908.7489983
1038.049928
1185.744186
1354.454366
1547.164801
1767.301945
2018.754471
2305.988829
2634.089435
