0.2685891937
0.1901774629
0.1552963508
0.1344842858
0.1203054929
0.1098171017
0.1016795037
0.09508639895
0.08959629661
0.08497305157
0.08100846849
0.07449232407
0.0693310916
0.06513442553
0.06163670301
0.05734352369
0.05384741672
0.05092183693
0.04768413277
0.04439514825
0.04168528542
0.03899422883
0.03640273917
0.03426360587
0.0319785088
0.0299006825
0.02786504212
0.02609411191
0.0244270313
0.02288429149
0.02148676724
0.02011781747
0.01887992534
0.01768673051
0.01657985564
0.0154911326
0.01441752194
0.01344245014
0.01251135584
0.01166392182
0.01090877139
0.01022188986
0.009592239452
0.009025440887
0.008478012022
0.007953521582
0.007474665006
0.007004327573
0.006536980582
0.006122361087
0.005735014298
0.005384359667
0.005065455544
0.004818847863
0.004593056611
0.004413322582
0.004221938023
0.004069450076
0.003926516029
0.003772642879
0.003622893318
0.003527918251
0.003492763769
0.003501113049
0.00356699979
0.003669275648
0.00379701882
0.003948583312
0.004115859922
0.004319184015
0.004552256178
0.004811669763
0.005089937391
0.005376944424
0.005664339794
0.005964205097
0.006273038561
0.006629917166
0.007054958917
0.00756524776
0.008154929964
0.008889458299
0.009783865321
0.01079150116
0.0118539559
0.01302236891
0.01421646898
0.01525991166
0.01585242936
0.01578348095
0.01472121163
0.01282309942
