0.2700212193
0.1903913224
0.1553059322
0.134434783
0.1202077151
0.1097131844
0.1015608208
0.09499173265
0.08955194087
0.08495102569
0.08099341004
0.07449714072
0.06934900004
0.065139129
0.06161327703
0.05725614488
0.05370937467
0.05074937342
0.04747052201
0.04414568049
0.04143402335
0.03875740241
0.03620667063
0.03410125876
0.03186647918
0.0298345215
0.02784324187
0.02608012013
0.02441028702
0.02285763032
0.02143031505
0.02001491175
0.01875547959
0.01755569263
0.01643606712
0.01537943982
0.0143789467
0.01346670787
0.01259741876
0.01178679547
0.01103183331
0.01033028174
0.009673848842
0.009058599554
0.008482840828
0.007945838073
0.007447085788
0.006981469956
0.00655057898
0.006151853586
0.005781736553
0.005442045791
0.005131274994
0.004847833256
0.004592635094
0.004365735904
0.00416680914
0.003996686091
0.003855989952
0.003745028011
0.003664915835
0.003616005299
0.003598759103
0.003613333898
0.003659596805
0.003737213453
0.00384551402
0.003983921347
0.004151667489
0.004348172055
0.004572909275
0.004825731222
0.005106494034
0.005415442226
0.005753014299
0.006119997006
0.006517314509
0.006946111085
0.007407913628
0.007904357574
0.008437259586
0.009008751305
0.009621108809
0.01027690523
0.01097888151
0.01172999196
0.01253348641
0.01339281218
0.01431175263
0.01529426551
0.01634469347
0.01746762501
