45441.87814
31165.01121
25177.36881
21686.9294
19334.15001
17610.99824
16279.05173
15209.69887
14326.65803
13581.44726
12941.5847
11893.45531
11064.63998
10387.98262
9821.985865
9123.394226
8555.380269
8081.75576
7557.530279
7026.371667
6593.464122
6166.389829
5759.608744
5423.987041
5067.872725
4744.185385
4427.068249
4146.353103
3880.542156
3633.421968
3406.277001
3181.044795
2980.638709
2789.720553
2611.545498
2443.372642
2284.098752
2138.827683
2000.333933
1871.106833
1750.65328
1638.598538
1533.598829
1434.999208
1342.496942
1255.93714
1175.19657
1099.394901
1028.72801
962.705087
900.6426657
842.7338138
788.5971011
737.7964194
690.3079217
645.9353865
604.3700354
565.5042189
529.1798612
495.1302092
463.3349305
433.5780366
405.7484755
379.7371092
355.4324421
332.7239929
311.5488685
291.80666
273.4449446
256.4082081
240.6671949
226.201496
213.0313921
201.2003609
190.7943306
181.9441713
174.8388569
169.7248057
166.9013624
166.7109494
169.5129685
175.6572439
185.4628649
199.2157752
217.181962
239.6356445
266.8936096
299.340598
337.4562656
381.8254871
433.1604186
492.3068921
