43739.90085
30934.02595
25263.37454
21872.90075
19551.14281
17838.29994
16516.86798
15455.52218
14577.39081
13830.64894
13186.84727
12131.06566
11290.52661
10599.12588
10020.52924
9304.791716
8718.948491
8236.318928
7706.740042
7168.46537
6728.845218
6294.265693
5878.564155
5524.94673
5154.75241
4824.148465
4502.654964
4218.823989
3951.99162
3708.880573
3479.748599
3251.398477
3041.90154
2840.708703
2649.354743
2468.933189
2297.887125
2145.898007
2005.985906
1881.39996
1767.959856
1669.111741
1575.362034
1484.223761
1392.765548
1306.243657
1223.921217
1141.463016
1064.939067
996.0924996
933.6038948
873.5869496
818.176749
771.0216626
726.0451344
677.0890993
630.7842052
585.0012138
542.8703738
505.4837642
471.8780943
442.3873542
417.859454
395.2212507
370.9099082
351.9314756
338.2312553
320.5503033
296.911722
276.7006219
256.9189188
243.1253356
234.7593639
237.3320251
238.8657234
239.7872493
242.2829396
247.6415169
249.8996416
250.0071577
251.3768731
250.6424109
245.3887534
239.2951512
234.3247872
229.942788
228.8022715
240.353084
264.6746303
296.0148313
328.229144
356.9594089
