0.4065655258
0.2420485858
0.183608671
0.1525764569
0.1328972224
0.1190955578
0.1087679639
0.1006832655
0.09414088565
0.08871048656
0.08411187763
0.07670196242
0.07094553763
0.06630981863
0.06247425217
0.057790334
0.05402072709
0.05090276013
0.04747706467
0.0440318156
0.04124195423
0.03850472616
0.03591070258
0.03377960396
0.0315269589
0.02948671937
0.02749429214
0.02573562565
0.02407452945
0.02253377462
0.02112049364
0.01972184169
0.01847962949
0.01729823948
0.01619752054
0.01516027611
0.01417952732
0.01328649109
0.0124365909
0.01164503312
0.01090870509
0.01022524258
0.009586411021
0.008988233348
0.008428908149
0.007907548851
0.007423468908
0.006971482487
0.006552875301
0.006164865648
0.005803636142
0.005470543686
0.00516363586
0.004880767434
0.004622186393
0.004387220057
0.00417470188
0.00398461006
0.003816713322
0.003670391453
0.003546172408
0.003443789934
0.003363437335
0.003305282348
0.003269445021
0.00325601574
0.00326504163
0.003296496786
0.003350282797
0.00342628107
0.003524325369
0.003644346245
0.003786222116
0.003949976085
0.00413570812
0.004343698878
0.004574310605
0.004828043142
0.005105642317
0.005407944942
0.005735922958
0.006090768022
0.006473787533
0.006886498884
0.007330547871
0.007807735415
0.008320068489
0.008869696478
0.009458998281
0.01009047759
0.01076689672
0.0114911864
