44244.61977
31282.25483
25540.92881
22118.69539
19783.35117
18059.51907
16719.78295
15639.86778
14745.36776
13988.65374
13337.63495
12268.80856
11421.61951
10728.73056
10148.35468
9431.065384
8847.119928
8359.741282
7819.822492
7272.290024
6825.707477
6384.870622
5964.745587
5617.952097
5249.833637
4915.109431
4587.070967
4296.6045
4021.492426
3765.670177
3530.483064
3297.23824
3089.673119
2891.91097
2707.329442
2533.094214
2368.066239
2217.537584
2074.024347
1940.108382
1815.2808
1699.155007
1590.339841
1488.157777
1392.296154
1302.59542
1218.928725
1140.384654
1067.166969
998.7678988
934.4802643
874.5050008
818.4480281
765.8589634
716.7144934
670.813032
627.8369385
587.6770011
550.1722099
515.0499548
482.292433
451.6806092
423.10424
396.4555123
371.6245953
348.5029839
327.0303954
307.1075175
288.6817226
271.6936428
256.1042845
241.8742604
228.9905224
217.4427987
207.2347568
198.3775122
190.8938094
184.8115009
180.1586125
176.9634955
175.2485067
175.0263148
176.2986152
179.0557607
183.2781611
188.9391431
196.0094901
204.4607213
214.2698791
225.4206364
237.9073755
251.7347057
