43681.41711
30911.97688
25233.80625
21869.14177
19574.37876
17871.98748
16543.15625
15471.1334
14582.60081
13834.40195
13189.75071
12136.74904
11296.64546
10612.33551
10041.29852
9339.379482
8767.144268
8288.519804
7756.408606
7215.134465
6776.864683
6341.105563
5928.946916
5589.488782
5226.422366
4894.626488
4566.474415
4273.830334
3997.037451
3740.0899
3504.11703
3271.06632
3061.929743
2859.734131
2671.236631
2492.712409
2325.734489
2181.665055
2049.110703
1919.181127
1793.465516
1675.77735
1559.834287
1452.639571
1358.148571
1273.083047
1194.948342
1121.902122
1054.309262
985.8324908
923.1581399
866.0817478
812.0826479
762.0105844
716.8221099
680.3647474
645.5024012
614.3373889
584.2219745
557.0429881
532.857909
511.0186288
488.0609728
459.2214393
428.2752614
396.1449098
362.6844594
324.6426152
295.9947739
269.1107777
244.7266977
223.1507432
211.4293949
197.6208906
187.1173499
179.980892
175.0724532
172.499567
176.6887721
183.1777235
181.2532122
178.1233425
180.0839613
185.7101075
193.8184969
204.293151
212.8479202
217.0376846
214.749668
212.901489
220.2885154
226.9604942
