0.2689971935
0.1902016267
0.1553280116
0.1344316241
0.1201841311
0.1096809709
0.1015233705
0.09497936414
0.08954462765
0.08494838139
0.08100268016
0.0745649899
0.06944781422
0.06526770696
0.06176683631
0.05739845308
0.0538268016
0.05084783684
0.04753248676
0.04418265199
0.04147277875
0.038790716
0.03623453659
0.03413787002
0.0319459071
0.02991842575
0.02794105997
0.02619196432
0.02452996581
0.02294830349
0.02152764721
0.02010395518
0.01881296725
0.01759091169
0.01644876293
0.01532046583
0.014254256
0.01329533046
0.01238758489
0.01152253826
0.01073078206
0.01000328283
0.009347690583
0.008749374917
0.008193690709
0.007708478928
0.007274726083
0.00687136683
0.006503413751
0.006165783311
0.005832446256
0.005506579401
0.005181272824
0.004896086794
0.004615287636
0.004336378217
0.004078126493
0.003878032527
0.003703457024
0.003585396036
0.003496612737
0.003437919189
0.003418317228
0.003418416607
0.003436443152
0.003481670845
0.003555066131
0.003629640345
0.003720905979
0.003834049605
0.003961971005
0.00413474592
0.004338718406
0.004568552006
0.004808451533
0.005070463757
0.005370522583
0.005701993437
0.006086676969
0.006555141445
0.007100153918
0.007691947944
0.00832956422
0.008975797538
0.009707037911
0.01050982423
0.01139990331
0.01218080553
0.01288534793
0.01313698564
0.01340696002
0.01329185923
