44357.43327
30978.4003
25187.60238
21767.03347
19444.29117
17735.08172
16409.55599
15342.77248
14460.21019
13714.30301
13073.07461
12021.25422
11188.31649
10507.55635
9937.64826
9233.662325
8660.829007
8182.907637
7653.649546
7117.115173
6679.635257
6247.894927
5836.537404
5497.050865
5136.755786
4809.204105
4488.248805
4204.098954
3935.009068
3684.822423
3454.848246
3226.805655
3023.899537
2830.60504
2650.221814
2479.978306
2318.760901
2171.737577
2031.597299
1900.861165
1779.031355
1665.729486
1559.597521
1459.974571
1366.555936
1279.186138
1197.741301
1121.334182
1050.16298
983.7337165
921.3599678
863.2370436
808.9828723
758.1620805
710.7527659
666.5606263
625.2803748
586.8078527
550.9893057
517.565422
486.5202984
457.6472151
430.8435422
406.0093815
383.0435454
361.8469238
342.3650996
324.5083842
308.2295365
293.4749555
280.2082999
268.3919542
258.0088822
249.0419827
241.482724
235.3256701
230.5713963
227.2219039
225.2787032
224.7440332
225.6184736
227.9010827
231.5896651
236.6822048
243.177394
251.0760973
260.383692
271.1103679
283.2738517
296.8981644
312.0169387
328.6718567
