45692.736
31149.67021
25109.95713
21604.3561
19247.18469
17523.58308
16192.79031
15125.25733
14244.28842
13501.208
12863.44154
11819.25196
10993.97225
10320.45949
9757.261414
9062.323693
8497.433949
8026.513446
7505.379837
6977.453749
6547.250439
6122.901391
5718.765853
5385.361255
5031.631297
4710.13795
4395.1934
4116.419342
3852.460931
3607.074887
3381.533353
3157.899471
2958.922127
2769.370489
2592.475222
2425.514046
2267.390869
2123.171872
1985.683241
1857.3958
1737.819612
1626.582329
1522.349715
1424.471418
1332.646775
1246.721922
1166.574449
1091.330449
1021.184341
955.6489419
894.0458789
836.566867
782.8334023
732.4127637
685.2814558
641.2449286
599.9969798
561.4310589
525.3906079
491.6112978
460.0733043
430.5627123
402.9696797
377.1861679
353.101621
330.6061792
309.6365922
290.0916067
271.9161908
255.0502977
239.457011
225.1040336
211.9935742
200.1429062
189.6010358
180.4486483
172.8096453
166.8509171
162.7813455
160.8507892
161.3355729
164.5215949
170.6871425
180.0931033
192.9831213
209.5969745
230.1939208
255.0741071
284.6035856
319.2269003
359.4878822
406.0371087
