44010.68612
31120.38935
25409.80306
22005.6319
19682.52236
17967.68179
16634.91441
15560.60633
14670.74516
13917.95239
13270.30556
12207.01359
11364.21164
10674.91242
10097.54552
9383.979234
8803.069536
8318.229135
7781.128427
7236.462356
6792.225884
6353.714005
5935.815182
5590.868835
5224.722689
4891.804559
4565.550558
4276.678845
4003.092818
3748.706239
3514.85622
3282.957349
3076.610315
2880.030457
2696.575709
2523.429241
2359.459948
2209.925348
2067.390575
1934.420584
1810.509659
1695.273376
1587.330787
1486.009884
1391.000808
1302.145327
1219.317199
1141.613722
1069.235906
1001.680667
938.2490203
879.1384233
823.9588907
772.265852
724.0348689
679.0657142
637.0446212
597.8618147
561.3563085
527.258484
495.5458584
466.000003
438.5072706
412.9552927
389.2286458
367.2120316
346.83467
327.9871871
310.6030396
294.6079687
279.9460381
266.5608397
254.4219489
243.504829
233.8043803
225.3330439
218.1304142
212.2640448
207.8327315
204.9750542
203.8706733
204.7419202
207.8537089
213.5105185
222.0508221
233.8416555
249.2770193
268.7776452
292.8002018
321.8444345
356.4730283
397.3241467
