0.005012685762
0.01002537152
0.01503805729
0.02005074305
0.02506342881
0.03007611457
0.03508880033
0.0401014861
0.04511417186
0.05012685762
0.05513954338
0.06516491491
0.07519028643
0.08521565796
0.09524102948
0.1102790868
0.1253171441
0.1403552013
0.1604059444
0.1854693732
0.210532802
0.2406089166
0.2756977169
0.3107865173
0.3559006891
0.4060275467
0.4661797759
0.5313446908
0.6065349772
0.6917506352
0.7869916647
0.9022834372
1.027600581
1.172968468
1.338387098
1.528869157
1.749427331
1.995048933
2.280772022
2.606596596
2.977535343
3.398600947
3.87981878
4.431214214
5.06281262
5.784639369
6.606719834
7.549104758
8.621819511
9.844914837
11.24846685
12.84751361
14.67213123
16.76242119
19.14845961
21.87034798
24.98322584
28.53722004
32.59248283
37.23422984
42.52762601
48.57793772
55.49043139
63.38541146
72.40323315
82.70931507
94.47408856
107.9181118
123.2719683
140.8113557
160.842048
183.7299712
209.8711275
239.7316966
273.8380105
312.8016169
357.3092538
408.1429001
466.2148647
532.5527481
608.324506
694.8785511
793.7437524
906.6795626
1035.686043
1183.043967
1351.369955
1543.641542
1763.277382
2014.157291
2300.737549
2628.090993
