0 0 0 1 0.290972 -0.27525 
0 0 6.5 1 0.25325 0.0715743 
10 0 0 1 0.27053 -0.556191 
10 0 6.5 1 0.194606 0.154931 
10 10 0 1 -0.589495 -0.507534 
10 10 6.5 1 -0.628982 0.0317205 
0 10 0 1 -0.1902 -0.286538 
0 10 6.5 1 -0.217116 0.0136344 
0 5 10 1 -0.015682 0.210422 
10 5 10 1 -0.301302 0.403132 
0 6 0 1 -0.0144071 -0.282414 
0 8 0 1 -0.104771 -0.284534 
0 8 5 1 -0.126915 -0.046578 
0 6 5 1 -0.0380598 -0.0376728 
0 2 2.5 1 0.169311 -0.147343 
0 4 2.5 1 0.0686159 -0.153574 
0 4 5 1 0.0560273 -0.0282432 
0 2 5 1 0.155823 -0.0182414 
0.5 0.5 -0.5 1 0.265066 -0.310446 
0.5 0.5 6 1 0.226992 0.0434453 
10.5 0.5 -0.5 1 0.215304 -0.641443 
10.5 0.5 6 1 0.138002 0.100025 
10.5 10.5 -0.5 1 -0.656699 -0.569763 
10.5 10.5 6 1 -0.695888 -0.0132417 
0.5 10.5 -0.5 1 -0.220477 -0.317037 
0.5 10.5 6 1 -0.247468 -0.0115858 
0.5 5.5 9.5 1 -0.0445289 0.186965 
10.5 5.5 9.5 1 -0.365753 0.364843 
0.5 6.5 -0.5 1 -0.0433821 -0.314633 
0.5 8.5 -0.5 1 -0.134457 -0.315869 
0.5 8.5 4.5 1 -0.15669 -0.0735993 
0.5 6.5 4.5 1 -0.0671597 -0.0653258 
0.5 2.5 2 1 0.142092 -0.178891 
0.5 4.5 2 1 0.0404077 -0.184284 
0.5 4.5 4.5 1 0.0277373 -0.0565563 
0.5 2.5 4.5 1 0.128498 -0.047245 
