0 0 0 1 0.27915 -0.239308 
0 0 6.5 1 0.251089 0.109661 
10 0 0 1 0.090188 -0.559258 
10 0 6.5 1 0.0272185 0.113548 
10 10 0 1 -0.5757 -0.427101 
10 10 6.5 1 -0.637116 0.0333117 
0 10 0 1 -0.163485 -0.21965 
0 10 6.5 1 -0.193599 0.0619522 
0 5 10 1 -0.0115614 0.255967 
10 5 10 1 -0.404823 0.375537 
0 6 0 1 -0.00837093 -0.226539 
0 8 0 1 -0.0890044 -0.222957 
0 8 5 1 -0.112001 0.00144604 
0 6 5 1 -0.0311966 0.0072141 
0 2 2.5 1 0.163712 -0.108139 
0 4 2.5 1 0.0680239 -0.109359 
0 4 5 1 0.0566729 0.0134865 
0 2 5 1 0.152576 0.0203324 
0.5 0.5 -0.5 1 0.248688 -0.273044 
0.5 0.5 6 1 0.21967 0.0790583 
10.5 0.5 -0.5 1 0.0269006 -0.631677 
10.5 0.5 6 1 -0.0401212 0.0528252 
10.5 10.5 -0.5 1 -0.628501 -0.47467 
10.5 10.5 6 1 -0.692327 -0.00880533 
0.5 10.5 -0.5 1 -0.191948 -0.246723 
0.5 10.5 6 1 -0.222815 0.0369158 
0.5 5.5 9.5 1 -0.0424715 0.229858 
10.5 5.5 9.5 1 -0.467834 0.330438 
0.5 6.5 -0.5 1 -0.0377409 -0.255934 
0.5 8.5 -0.5 1 -0.117931 -0.251144 
0.5 8.5 4.5 1 -0.141533 -0.0250604 
0.5 6.5 4.5 1 -0.0612024 -0.020358 
0.5 2.5 2 1 0.133212 -0.139226 
0.5 4.5 2 1 0.0379097 -0.139096 
0.5 4.5 4.5 1 0.0262218 -0.0152402 
0.5 2.5 4.5 1 0.121723 -0.00964967 
