0 0 0 1 -0.1215 -0.0341913 
0 0 6.5 1 -0.120948 0.218048 
10 0 0 1 0.268981 -0.0602569 
10 0 6.5 1 0.290371 0.208764 
10 10 0 1 0.324478 -0.222092 
10 10 6.5 1 0.365933 0.221307 
0 10 0 1 -0.297776 -0.164571 
0 10 6.5 1 -0.31112 0.235033 
0 5 10 1 -0.19545 0.407344 
10 5 10 1 0.335235 0.41303 
0 6 0 1 -0.207371 -0.0977044 
0 8 0 1 -0.247881 -0.127667 
0 8 5 1 -0.254144 0.143072 
0 6 5 1 -0.211033 0.147791 
0 2 2.5 1 -0.145852 0.0493705 
0 4 2.5 1 -0.174725 0.0369375 
0 4 5 1 -0.175664 0.151664 
0 2 5 1 -0.146123 0.154898 
0.5 0.5 -0.5 1 -0.108617 -0.0584581 
0.5 0.5 6 1 -0.107402 0.197382 
10.5 0.5 -0.5 1 0.290375 -0.0867238 
10.5 0.5 6 1 0.313367 0.186387 
10.5 10.5 -0.5 1 0.361905 -0.271419 
10.5 10.5 6 1 0.408347 0.183093 
0.5 10.5 -0.5 1 -0.282341 -0.207094 
0.5 10.5 6 1 -0.294819 0.201558 
0.5 5.5 9.5 1 -0.179843 0.385398 
10.5 5.5 9.5 1 0.366701 0.389117 
0.5 6.5 -0.5 1 -0.192784 -0.130471 
0.5 8.5 -0.5 1 -0.232793 -0.164701 
0.5 8.5 4.5 1 -0.238386 0.111398 
0.5 6.5 4.5 1 -0.195804 0.119436 
0.5 2.5 2 1 -0.132134 0.0242881 
0.5 4.5 2 1 -0.160407 0.00933134 
0.5 4.5 4.5 1 -0.161041 0.125999 
0.5 2.5 4.5 1 -0.132124 0.131457 
