0 0 0 1 -0.374455 -0.356438 
0 0 6.5 1 -0.400592 -0.0504315 
10 0 0 1 0.0401721 -0.266215 
10 0 6.5 1 0.0150215 -0.0131664 
10 10 0 1 0.324139 -0.366283 
10 10 6.5 1 0.281903 0.0232444 
0 10 0 1 -0.293397 -0.559057 
0 10 6.5 1 -0.33986 -0.0280797 
0 5 10 1 -0.39596 0.162755 
10 5 10 1 0.103587 0.163835 
0 6 0 1 -0.336887 -0.450345 
0 8 0 1 -0.317934 -0.497723 
0 8 5 1 -0.348978 -0.140383 
0 6 5 1 -0.364239 -0.133733 
0 2 2.5 1 -0.375347 -0.252468 
0 4 2.5 1 -0.364247 -0.26987 
0 4 5 1 -0.37641 -0.128429 
0 2 5 1 -0.386345 -0.124099 
0.5 0.5 -0.5 1 -0.344706 -0.380886 
0.5 0.5 6 1 -0.371451 -0.071075 
10.5 0.5 -0.5 1 0.0687752 -0.285542 
10.5 0.5 6 1 0.0431409 -0.0298961 
10.5 10.5 -0.5 1 0.372722 -0.39773 
10.5 10.5 6 1 0.329226 -0.00201576 
0.5 10.5 -0.5 1 -0.239622 -0.606047 
0.5 10.5 6 1 -0.287978 -0.0635125 
0.5 5.5 9.5 1 -0.35915 0.13985 
10.5 5.5 9.5 1 0.138544 0.145703 
0.5 6.5 -0.5 1 -0.29623 -0.484755 
0.5 8.5 -0.5 1 -0.271624 -0.537476 
0.5 8.5 4.5 1 -0.30377 -0.173351 
0.5 6.5 4.5 1 -0.324439 -0.162827 
0.5 2.5 2 1 -0.342957 -0.277767 
0.5 4.5 2 1 -0.328361 -0.298022 
0.5 4.5 4.5 1 -0.340866 -0.154462 
0.5 2.5 4.5 1 -0.354235 -0.147655 
