0 0 0 1 -0.487947 -0.443515 
0 0 6.5 1 -0.486855 -0.0860296 
10 0 0 1 -0.038137 -0.346909 
10 0 6.5 1 -0.0541744 -0.0791276 
10 10 0 1 0.311295 -0.416791 
10 10 6.5 1 0.269036 -0.0246587 
0 10 0 1 -0.273447 -0.627235 
0 10 6.5 1 -0.289522 -0.00710849 
0 5 10 1 -0.415235 0.164911 
10 5 10 1 0.0650498 0.103031 
0 6 0 1 -0.389094 -0.528183 
0 8 0 1 -0.338854 -0.571213 
0 8 5 1 -0.346147 -0.148165 
0 6 5 1 -0.393016 -0.153881 
0 2 2.5 1 -0.461298 -0.311068 
0 4 2.5 1 -0.429763 -0.322325 
0 4 5 1 -0.430593 -0.158464 
0 2 5 1 -0.461393 -0.162221 
0.5 0.5 -0.5 1 -0.451609 -0.471482 
0.5 0.5 6 1 -0.452317 -0.109581 
10.5 0.5 -0.5 1 -0.00795524 -0.367189 
10.5 0.5 6 1 -0.0252344 -0.096927 
10.5 10.5 -0.5 1 0.359433 -0.447511 
10.5 10.5 6 1 0.314138 -0.0500384 
0.5 10.5 -0.5 1 -0.205876 -0.679532 
0.5 10.5 6 1 -0.227909 -0.0460497 
0.5 5.5 9.5 1 -0.372411 0.138798 
10.5 5.5 9.5 1 0.0994249 0.0837835 
0.5 6.5 -0.5 1 -0.338773 -0.567015 
0.5 8.5 -0.5 1 -0.281159 -0.615794 
0.5 8.5 4.5 1 -0.291901 -0.184721 
0.5 6.5 4.5 1 -0.345341 -0.186434 
0.5 2.5 2 1 -0.422111 -0.339769 
0.5 4.5 2 1 -0.386227 -0.354086 
0.5 4.5 4.5 1 -0.388079 -0.187805 
0.5 2.5 4.5 1 -0.423036 -0.188925 
