0 0 0 1 0.25685 -0.0255985 
0 0 6.5 1 0.267832 0.35346 
10 0 0 1 -0.218659 -0.179663 
10 0 6.5 1 -0.261073 0.447993 
10 10 0 1 -0.528922 -0.0428468 
10 10 6.5 1 -0.577121 0.334914 
0 10 0 1 -0.099392 0.0302798 
0 10 6.5 1 -0.110596 0.301225 
0 5 10 1 0.0438763 0.509912 
10 5 10 1 -0.491228 0.669721 
0 6 0 1 0.0163356 0.0121273 
0 8 0 1 -0.0449381 0.0217384 
0 8 5 1 -0.0516363 0.239915 
0 6 5 1 0.0120025 0.244151 
0 2 2.5 1 0.16659 0.11825 
0 4 2.5 1 0.0851926 0.122147 
0 4 5 1 0.08456 0.248981 
0 2 5 1 0.168053 0.254539 
0.5 0.5 -0.5 1 0.21699 -0.0534271 
0.5 0.5 6 1 0.224925 0.321364 
10.5 0.5 -0.5 1 -0.279176 -0.22346 
10.5 0.5 6 1 -0.328884 0.392466 
10.5 10.5 -0.5 1 -0.564571 -0.0705831 
10.5 10.5 6 1 -0.615162 0.302925 
0.5 10.5 -0.5 1 -0.126824 0.00994809 
0.5 10.5 6 1 -0.139436 0.27871 
0.5 5.5 9.5 1 0.00817658 0.481607 
10.5 5.5 9.5 1 -0.542364 0.624713 
0.5 6.5 -0.5 1 -0.0150207 -0.0106605 
0.5 8.5 -0.5 1 -0.0742028 0.00024853 
0.5 8.5 4.5 1 -0.0821239 0.216573 
0.5 6.5 4.5 1 -0.0207624 0.219269 
0.5 2.5 2 1 0.129086 0.0910095 
0.5 4.5 2 1 0.0506285 0.0967421 
0.5 4.5 4.5 1 0.0491569 0.22234 
0.5 2.5 4.5 1 0.129558 0.225872 
