0 0 0 1 0.0967449 -0.299105 
0 0 6.5 1 0.0558465 0.369265 
10 0 0 1 -0.241047 -0.121489 
10 0 6.5 1 -0.279757 0.237809 
10 10 0 1 0.164771 -0.0377191 
10 10 6.5 1 0.150985 0.24151 
0 10 0 1 0.606447 -0.108712 
0 10 6.5 1 0.612071 0.327025 
0 5 10 1 0.391109 0.661999 
10 5 10 1 -0.0496518 0.420964 
0 6 0 1 0.451424 -0.166619 
0 8 0 1 0.534669 -0.135524 
0 8 5 1 0.535632 0.21926 
0 6 5 1 0.447899 0.216353 
0 2 2.5 1 0.228562 -0.0261612 
0 4 2.5 1 0.349014 -0.00115342 
0 4 5 1 0.34402 0.21291 
0 2 5 1 0.219088 0.208771 
0.5 0.5 -0.5 1 0.106861 -0.314079 
0.5 0.5 6 1 0.0699663 0.302424 
10.5 0.5 -0.5 1 -0.222105 -0.136903 
10.5 0.5 6 1 -0.258296 0.206879 
10.5 10.5 -0.5 1 0.167161 -0.052368 
10.5 10.5 6 1 0.153906 0.217409 
0.5 10.5 -0.5 1 0.589509 -0.127634 
0.5 10.5 6 1 0.593857 0.285505 
0.5 5.5 9.5 1 0.381896 0.588949 
10.5 5.5 9.5 1 -0.0389148 0.386582 
0.5 6.5 -0.5 1 0.440233 -0.185299 
0.5 8.5 -0.5 1 0.520117 -0.15444 
0.5 8.5 4.5 1 0.520331 0.180907 
0.5 6.5 4.5 1 0.436328 0.175115 
0.5 2.5 2 1 0.229479 -0.0579599 
0.5 4.5 2 1 0.342678 -0.0317703 
0.5 4.5 4.5 1 0.337812 0.168321 
0.5 2.5 4.5 1 0.220668 0.160243 
