0 0 0 1 0.257699 -0.0321551 
0 0 6.5 1 0.274929 0.348379 
10 0 0 1 -0.244446 -0.173305 
10 0 6.5 1 -0.280339 0.439226 
10 10 0 1 -0.51193 -0.0293335 
10 10 6.5 1 -0.552702 0.337038 
0 10 0 1 -0.0843086 0.0334319 
0 10 6.5 1 -0.0907551 0.301993 
0 5 10 1 0.0602271 0.507761 
10 5 10 1 -0.478749 0.659152 
0 6 0 1 0.0257757 0.012321 
0 8 0 1 -0.0326308 0.0235217 
0 8 5 1 -0.0355884 0.240151 
0 6 5 1 0.0253361 0.243189 
0 2 2.5 1 0.172325 0.114308 
0 4 2.5 1 0.0937085 0.120104 
0 4 5 1 0.0951698 0.246671 
0 2 5 1 0.176021 0.250702 
0.5 0.5 -0.5 1 0.216886 -0.0589796 
0.5 0.5 6 1 0.230844 0.316503 
10.5 0.5 -0.5 1 -0.302986 -0.213953 
10.5 0.5 6 1 -0.34583 0.385494 
10.5 10.5 -0.5 1 -0.545899 -0.0552417 
10.5 10.5 6 1 -0.588875 0.306443 
0.5 10.5 -0.5 1 -0.111648 0.0139516 
0.5 10.5 6 1 -0.119525 0.279995 
0.5 5.5 9.5 1 0.0241391 0.479563 
10.5 5.5 9.5 1 -0.52759 0.615232 
0.5 6.5 -0.5 1 -0.00574967 -0.00955675 
0.5 8.5 -0.5 1 -0.0619173 0.00291191 
0.5 8.5 4.5 1 -0.0661272 0.2174 
0.5 6.5 4.5 1 -0.00764541 0.218878 
0.5 2.5 2 1 0.134153 0.087815 
0.5 4.5 2 1 0.0587478 0.0954518 
0.5 4.5 4.5 1 0.0593319 0.220572 
0.5 2.5 4.5 1 0.136801 0.22253 
