0 0 0 1 0.378018 -0.687141 
0 0 6.5 1 0.353172 -0.161886 
10 0 0 1 -0.348848 -0.605853 
10 0 6.5 1 -0.312395 -0.153324 
10 10 0 1 -0.12754 -0.445194 
10 10 6.5 1 -0.11589 -0.171907 
0 10 0 1 0.303734 -0.476761 
0 10 6.5 1 0.293099 -0.178534 
0 5 10 1 0.308013 0.0118418 
10 5 10 1 -0.181687 0.00194138 
0 6 0 1 0.324084 -0.534394 
0 8 0 1 0.312941 -0.502838 
0 8 5 1 0.303484 -0.248274 
0 6 5 1 0.313121 -0.252847 
0 2 2.5 1 0.347175 -0.438239 
0 4 2.5 1 0.331181 -0.411359 
0 4 5 1 0.324894 -0.258433 
0 2 5 1 0.3396 -0.265412 
0.5 0.5 -0.5 1 0.333172 -0.707537 
0.5 0.5 6 1 0.313134 -0.19824 
10.5 0.5 -0.5 1 -0.364355 -0.626159 
10.5 0.5 6 1 -0.327779 -0.185485 
10.5 10.5 -0.5 1 -0.141334 -0.460724 
10.5 10.5 6 1 -0.129228 -0.191778 
0.5 10.5 -0.5 1 0.279522 -0.492983 
0.5 10.5 6 1 0.270383 -0.199926 
0.5 5.5 9.5 1 0.280192 -0.0186668 
10.5 5.5 9.5 1 -0.196093 -0.0255563 
0.5 6.5 -0.5 1 0.294394 -0.552455 
0.5 8.5 -0.5 1 0.286268 -0.519958 
0.5 8.5 4.5 1 0.278217 -0.270298 
0.5 6.5 4.5 1 0.28516 -0.276902 
0.5 2.5 2 1 0.310296 -0.463242 
0.5 4.5 2 1 0.298835 -0.43434 
0.5 4.5 4.5 1 0.293599 -0.28493 
0.5 2.5 4.5 1 0.304078 -0.294898 
