0 0 0 1 0.128447 -0.334496 
0 0 6.5 1 0.0854547 0.321961 
10 0 0 1 -0.237813 -0.153987 
10 0 6.5 1 -0.277434 0.204471 
10 10 0 1 0.159164 -0.0622482 
10 10 6.5 1 0.142811 0.213098 
0 10 0 1 0.6025 -0.131141 
0 10 6.5 1 0.600921 0.291527 
0 5 10 1 0.393779 0.60922 
10 5 10 1 -0.0530663 0.387445 
0 6 0 1 0.459764 -0.192371 
0 8 0 1 0.536566 -0.159425 
0 8 5 1 0.532375 0.186021 
0 6 5 1 0.451546 0.181334 
0 2 2.5 1 0.250275 -0.0606372 
0 4 2.5 1 0.362476 -0.0329173 
0 4 5 1 0.355437 0.175759 
0 2 5 1 0.239265 0.169022 
0.5 0.5 -0.5 1 0.134651 -0.347996 
0.5 0.5 6 1 0.0953332 0.258771 
10.5 0.5 -0.5 1 -0.219904 -0.168779 
10.5 0.5 6 1 -0.257121 0.17436 
10.5 10.5 -0.5 1 0.160976 -0.0764894 
10.5 10.5 6 1 0.145196 0.189737 
0.5 10.5 -0.5 1 0.585057 -0.149326 
0.5 10.5 6 1 0.582664 0.252219 
0.5 5.5 9.5 1 0.383265 0.540689 
10.5 5.5 9.5 1 -0.0432045 0.354126 
0.5 6.5 -0.5 1 0.4471 -0.210178 
0.5 8.5 -0.5 1 0.521075 -0.177548 
0.5 8.5 4.5 1 0.51645 0.149597 
0.5 6.5 4.5 1 0.438761 0.142194 
0.5 2.5 2 1 0.248264 -0.0907152 
0.5 4.5 2 1 0.354089 -0.0620049 
0.5 4.5 4.5 1 0.347266 0.133476 
0.5 2.5 4.5 1 0.237923 0.123056 
