0 0 0 1 -0.425315 -0.380211 
0 0 6.5 1 -0.422037 0.258072 
10 0 0 1 -0.252363 -0.121111 
10 0 6.5 1 -0.242248 0.204541 
10 10 0 1 0.229283 -0.143278 
10 10 6.5 1 0.261788 0.168763 
0 10 0 1 0.491959 -0.403939 
0 10 6.5 1 0.580074 0.183855 
0 5 10 1 0.129197 0.600598 
10 5 10 1 0.0273293 0.370982 
0 6 0 1 0.140724 -0.394853 
0 8 0 1 0.318808 -0.39946 
0 8 5 1 0.373888 0.0501872 
0 6 5 1 0.183825 0.0619896 
0 2 2.5 1 -0.222982 -0.15771 
0 4 2.5 1 -0.0278526 -0.166164 
0 4 5 1 -0.01213 0.0741581 
0 2 5 1 -0.214257 0.0867097 
0.5 0.5 -0.5 1 -0.36306 -0.399775 
0.5 0.5 6 1 -0.354105 0.19838 
10.5 0.5 -0.5 1 -0.224487 -0.138945 
10.5 0.5 6 1 -0.213348 0.175979 
10.5 10.5 -0.5 1 0.242717 -0.159855 
10.5 10.5 6 1 0.27489 0.142315 
0.5 10.5 -0.5 1 0.503154 -0.421002 
0.5 10.5 6 1 0.587342 0.132561 
0.5 5.5 9.5 1 0.164503 0.519361 
10.5 5.5 9.5 1 0.0481825 0.337161 
0.5 6.5 -0.5 1 0.170693 -0.412855 
0.5 8.5 -0.5 1 0.339136 -0.416983 
0.5 8.5 4.5 1 0.392529 0.00659601 
0.5 6.5 4.5 1 0.213409 0.0171075 
0.5 2.5 2 1 -0.17082 -0.190087 
0.5 4.5 2 1 0.012824 -0.197617 
0.5 4.5 4.5 1 0.0290527 0.0279264 
0.5 2.5 4.5 1 -0.160774 0.0390663 
