0 0 0 1 0.300315 -0.406183 
0 0 6.5 1 0.326508 0.0231825 
10 0 0 1 -0.38165 -0.360814 
10 0 6.5 1 -0.327589 0.0894972 
10 10 0 1 -0.260279 -0.245781 
10 10 6.5 1 -0.230763 0.0208948 
0 10 0 1 0.146105 -0.276678 
0 10 6.5 1 0.165567 -0.017484 
0 5 10 1 0.238201 0.164611 
10 5 10 1 -0.247315 0.218998 
0 6 0 1 0.190243 -0.313745 
0 8 0 1 0.166263 -0.293606 
0 8 5 1 0.18221 -0.0758355 
0 6 5 1 0.207176 -0.0753361 
0 2 2.5 1 0.264737 -0.219189 
0 4 2.5 1 0.228354 -0.204903 
0 4 5 1 0.237253 -0.0747345 
0 2 5 1 0.27419 -0.0739957 
0.5 0.5 -0.5 1 0.254352 -0.426987 
0.5 0.5 6 1 0.281518 -0.00798146 
10.5 0.5 -0.5 1 -0.410792 -0.384012 
10.5 0.5 6 1 -0.357101 0.0549261 
10.5 10.5 -0.5 1 -0.279677 -0.261532 
10.5 10.5 6 1 -0.250203 0.0011165 
0.5 10.5 -0.5 1 0.120676 -0.291439 
0.5 10.5 6 1 0.140391 -0.0360533 
0.5 5.5 9.5 1 0.206095 0.138432 
10.5 5.5 9.5 1 -0.270843 0.190721 
0.5 6.5 -0.5 1 0.159231 -0.330534 
0.5 8.5 -0.5 1 0.138313 -0.309324 
0.5 8.5 4.5 1 0.154502 -0.0950447 
0.5 6.5 4.5 1 0.17647 -0.0963047 
0.5 2.5 2 1 0.225369 -0.241775 
0.5 4.5 2 1 0.193744 -0.2255 
0.5 4.5 4.5 1 0.202843 -0.0978174 
0.5 2.5 4.5 1 0.235091 -0.099667 
