0 0 0 1 0.260927 -0.121926 
0 0 6.5 1 0.249204 0.237433 
10 0 0 1 -0.0804511 -0.368117 
10 0 6.5 1 -0.135797 0.275091 
10 10 0 1 -0.563527 -0.222161 
10 10 6.5 1 -0.627711 0.188179 
0 10 0 1 -0.140664 -0.0828649 
0 10 6.5 1 -0.165573 0.190035 
0 5 10 1 0.00106562 0.389468 
10 5 10 1 -0.477766 0.524046 
0 6 0 1 -0.00508866 -0.0960517 
0 8 0 1 -0.0762274 -0.0891323 
0 8 5 1 -0.0941172 0.129282 
0 6 5 1 -0.0215391 0.133871 
0 2 2.5 1 0.156017 0.013819 
0 4 2.5 1 0.0666979 0.0154993 
0 4 5 1 0.0592857 0.138981 
0 2 5 1 0.149847 0.144707 
0.5 0.5 -0.5 1 0.225839 -0.152619 
0.5 0.5 6 1 0.212219 0.206114 
10.5 0.5 -0.5 1 -0.144672 -0.424044 
10.5 0.5 6 1 -0.206654 0.21698 
10.5 10.5 -0.5 1 -0.606403 -0.257771 
10.5 10.5 6 1 -0.673435 0.151705 
0.5 10.5 -0.5 1 -0.168286 -0.106235 
0.5 10.5 6 1 -0.194353 0.166304 
0.5 5.5 9.5 1 -0.0321583 0.362226 
10.5 5.5 9.5 1 -0.535894 0.478577 
0.5 6.5 -0.5 1 -0.0352862 -0.121888 
0.5 8.5 -0.5 1 -0.10508 -0.113674 
0.5 8.5 4.5 1 -0.123936 0.104433 
0.5 6.5 4.5 1 -0.0527963 0.107693 
0.5 2.5 2 1 0.122088 -0.0152804 
0.5 4.5 2 1 0.0344529 -0.011968 
0.5 4.5 4.5 1 0.026446 0.111325 
0.5 2.5 4.5 1 0.115259 0.115395 
