0 0 0 1 -0.21497 -0.0108867 
0 0 6.5 1 -0.236709 0.254293 
10 0 0 1 0.177468 0.00909436 
10 0 6.5 1 0.174895 0.270215 
10 10 0 1 0.321986 -0.0974503 
10 10 6.5 1 0.329221 0.329956 
0 10 0 1 -0.316702 -0.133399 
0 10 6.5 1 -0.361846 0.304977 
0 5 10 1 -0.300747 0.468388 
10 5 10 1 0.232756 0.483733 
0 6 0 1 -0.26359 -0.0694384 
0 8 0 1 -0.287138 -0.0977971 
0 8 5 1 -0.315527 0.195544 
0 6 5 1 -0.287798 0.193988 
0 2 2.5 1 -0.23752 0.0801353 
0 4 2.5 1 -0.254676 0.0706236 
0 4 5 1 -0.265416 0.192733 
0 2 5 1 -0.24697 0.191698 
0.5 0.5 -0.5 1 -0.196216 -0.0333962 
0.5 0.5 6 1 -0.217374 0.234906 
10.5 0.5 -0.5 1 0.201743 -0.0127042 
10.5 0.5 6 1 0.200308 0.25145 
10.5 10.5 -0.5 1 0.365208 -0.135695 
10.5 10.5 6 1 0.376174 0.299877 
0.5 10.5 -0.5 1 -0.288233 -0.173731 
0.5 10.5 6 1 -0.332201 0.273208 
0.5 5.5 9.5 1 -0.276833 0.447537 
10.5 5.5 9.5 1 0.266926 0.463713 
0.5 6.5 -0.5 1 -0.239969 -0.100123 
0.5 8.5 -0.5 1 -0.261307 -0.132666 
0.5 8.5 4.5 1 -0.288916 0.16562 
0.5 6.5 4.5 1 -0.263504 0.167292 
0.5 2.5 2 1 -0.217126 0.0567354 
0.5 4.5 2 1 -0.232639 0.0447997 
0.5 4.5 4.5 1 -0.243086 0.168635 
0.5 2.5 4.5 1 -0.22632 0.169738 
