0 0 0 1 0.39602 -0.485925 
0 0 6.5 1 0.330193 0.0721335 
10 0 0 1 -0.259861 -0.422859 
10 0 6.5 1 -0.270543 -0.0238918 
10 10 0 1 0.0282477 -0.314053 
10 10 6.5 1 0.0104343 -0.053368 
0 10 0 1 0.468935 -0.323967 
0 10 6.5 1 0.426951 -0.00367075 
0 5 10 1 0.365862 0.224693 
10 5 10 1 -0.109845 0.116765 
0 6 0 1 0.448922 -0.368419 
0 8 0 1 0.459876 -0.344088 
0 8 5 1 0.424616 -0.071634 
0 6 5 1 0.410598 -0.0676412 
0 2 2.5 1 0.39454 -0.241326 
0 4 2.5 1 0.413925 -0.226526 
0 4 5 1 0.393459 -0.0627595 
0 2 5 1 0.372027 -0.0566551 
0.5 0.5 -0.5 1 0.363128 -0.512339 
0.5 0.5 6 1 0.302786 0.0218707 
10.5 0.5 -0.5 1 -0.259953 -0.444004 
10.5 0.5 6 1 -0.270269 -0.0573729 
10.5 10.5 -0.5 1 0.0214059 -0.330544 
10.5 10.5 6 1 0.00424543 -0.0751714 
0.5 10.5 -0.5 1 0.447746 -0.343978 
0.5 10.5 6 1 0.407865 -0.031661 
0.5 5.5 9.5 1 0.344733 0.183012 
10.5 5.5 9.5 1 -0.113892 0.0867573 
0.5 6.5 -0.5 1 0.424151 -0.390924 
0.5 8.5 -0.5 1 0.43703 -0.365298 
0.5 8.5 4.5 1 0.403702 -0.100341 
0.5 6.5 4.5 1 0.388127 -0.0992609 
0.5 2.5 2 1 0.366625 -0.274186 
0.5 4.5 2 1 0.388339 -0.256342 
0.5 4.5 4.5 1 0.369213 -0.0979489 
0.5 2.5 4.5 1 0.345758 -0.0963218 
