0 0 0 1 0.290425 -0.273628 
0 0 6.5 1 0.253252 0.0735856 
10 0 0 1 0.252691 -0.562676 
10 0 6.5 1 0.178182 0.146756 
10 10 0 1 -0.58891 -0.50454 
10 10 6.5 1 -0.631527 0.0266397 
0 10 0 1 -0.187328 -0.282201 
0 10 6.5 1 -0.214992 0.0160348 
0 5 10 1 -0.0155809 0.212862 
10 5 10 1 -0.313399 0.396254 
0 6 0 1 -0.0135597 -0.279083 
0 8 0 1 -0.102993 -0.280687 
0 8 5 1 -0.125535 -0.0441148 
0 6 5 1 -0.0374292 -0.0354212 
0 2 2.5 1 0.169066 -0.145462 
0 4 2.5 1 0.0687421 -0.15131 
0 4 5 1 0.0561292 -0.0261896 
0 2 5 1 0.155662 -0.0163684 
0.5 0.5 -0.5 1 0.264057 -0.30881 
0.5 0.5 6 1 0.226486 0.0450995 
10.5 0.5 -0.5 1 0.196185 -0.647249 
10.5 0.5 6 1 0.120106 0.0907038 
10.5 10.5 -0.5 1 -0.65456 -0.565372 
10.5 10.5 6 1 -0.697303 -0.0183657 
0.5 10.5 -0.5 1 -0.217399 -0.312424 
0.5 10.5 6 1 -0.245223 -0.00926193 
0.5 5.5 9.5 1 -0.044644 0.189043 
10.5 5.5 9.5 1 -0.378025 0.356858 
0.5 6.5 -0.5 1 -0.0425758 -0.311112 
0.5 8.5 -0.5 1 -0.132594 -0.311787 
0.5 8.5 4.5 1 -0.155286 -0.0711833 
0.5 6.5 4.5 1 -0.0666265 -0.0631713 
0.5 2.5 2 1 0.141511 -0.177084 
0.5 4.5 2 1 0.0403341 -0.182034 
0.5 4.5 4.5 1 0.0276138 -0.0546551 
0.5 2.5 4.5 1 0.127979 -0.0455854 
