0 0 0 1 -0.329685 -0.233003 
0 0 6.5 1 -0.361596 0.052753 
10 0 0 1 0.0721207 -0.162556 
10 0 6.5 1 0.0480794 0.0863728 
10 10 0 1 0.317362 -0.254877 
10 10 6.5 1 0.283085 0.13534 
0 10 0 1 -0.306703 -0.39883 
0 10 6.5 1 -0.361231 0.090178 
0 5 10 1 -0.383589 0.264757 
10 5 10 1 0.123902 0.271914 
0 6 0 1 -0.318942 -0.310518 
0 8 0 1 -0.313583 -0.34919 
0 8 5 1 -0.350186 -0.0210804 
0 6 5 1 -0.351516 -0.0186255 
0 2 2.5 1 -0.340041 -0.135139 
0 4 2.5 1 -0.337836 -0.148738 
0 4 5 1 -0.352579 -0.0166638 
0 2 5 1 -0.353448 -0.0150603 
0.5 0.5 -0.5 1 -0.303162 -0.255843 
0.5 0.5 6 1 -0.335197 0.0333163 
10.5 0.5 -0.5 1 0.0995669 -0.181623 
10.5 0.5 6 1 0.075514 0.0698853 
10.5 10.5 -0.5 1 0.364813 -0.286493 
10.5 10.5 6 1 0.330632 0.110099 
0.5 10.5 -0.5 1 -0.260467 -0.441825 
0.5 10.5 6 1 -0.315346 0.0572303 
0.5 5.5 9.5 1 -0.350188 0.243361 
10.5 5.5 9.5 1 0.158771 0.254114 
0.5 6.5 -0.5 1 -0.2833 -0.342363 
0.5 8.5 -0.5 1 -0.273328 -0.385801 
0.5 8.5 4.5 1 -0.310137 -0.0518269 
0.5 6.5 4.5 1 -0.316038 -0.0458385 
0.5 2.5 2 1 -0.3111 -0.15883 
0.5 4.5 2 1 -0.305924 -0.17504 
0.5 4.5 4.5 1 -0.320735 -0.0410715 
0.5 2.5 4.5 1 -0.324564 -0.0371868 
