0 0 0 1 0.386641 -0.491798 
0 0 6.5 1 0.317905 0.0815969 
10 0 0 1 -0.24764 -0.412315 
10 0 6.5 1 -0.266793 -0.0198493 
10 10 0 1 0.054482 -0.295696 
10 10 6.5 1 0.0325375 -0.0353489 
0 10 0 1 0.498435 -0.309168 
0 10 6.5 1 0.453903 0.0200519 
0 5 10 1 0.376544 0.251876 
10 5 10 1 -0.0989634 0.130307 
0 6 0 1 0.467654 -0.359453 
0 8 0 1 0.484493 -0.331944 
0 8 5 1 0.447235 -0.0524617 
0 6 5 1 0.427257 -0.0509902 
0 2 2.5 1 0.395955 -0.237134 
0 4 2.5 1 0.424428 -0.217822 
0 4 5 1 0.402828 -0.0491908 
0 2 5 1 0.372275 -0.0469405 
0.5 0.5 -0.5 1 0.356878 -0.515707 
0.5 0.5 6 1 0.293412 0.030444 
10.5 0.5 -0.5 1 -0.244836 -0.431684 
10.5 0.5 6 1 -0.263436 -0.0521702 
10.5 10.5 -0.5 1 0.0489266 -0.311552 
10.5 10.5 6 1 0.0276691 -0.0569605 
0.5 10.5 -0.5 1 0.477594 -0.328798 
0.5 10.5 6 1 0.435164 -0.00872503 
0.5 5.5 9.5 1 0.356498 0.20826 
10.5 5.5 9.5 1 -0.100981 0.10043 
0.5 6.5 -0.5 1 0.443795 -0.381131 
0.5 8.5 -0.5 1 0.462231 -0.352585 
0.5 8.5 4.5 1 0.42689 -0.0816561 
0.5 6.5 4.5 1 0.405667 -0.083058 
0.5 2.5 2 1 0.370048 -0.269235 
0.5 4.5 2 1 0.400186 -0.24721 
0.5 4.5 4.5 1 0.379905 -0.0847596 
0.5 2.5 4.5 1 0.347974 -0.0868687 
