0 0 0 1 -0.64694 -0.535673 
0 0 6.5 1 -0.590693 -0.0908564 
10 0 0 1 -0.153738 -0.42151 
10 0 6.5 1 -0.142827 -0.129944 
10 10 0 1 0.275724 -0.504351 
10 10 6.5 1 0.259267 -0.110539 
0 10 0 1 -0.164178 -0.770378 
0 10 6.5 1 -0.136925 -0.0331805 
0 5 10 1 -0.391925 0.186773 
10 5 10 1 0.0303054 0.0421728 
0 6 0 1 -0.418969 -0.646506 
0 8 0 1 -0.306755 -0.701061 
0 8 5 1 -0.274516 -0.186242 
0 6 5 1 -0.380667 -0.186483 
0 2 2.5 1 -0.561823 -0.369746 
0 4 2.5 1 -0.487941 -0.38649 
0 4 5 1 -0.467916 -0.186682 
0 2 5 1 -0.540899 -0.186848 
0.5 0.5 -0.5 1 -0.599333 -0.571132 
0.5 0.5 6 1 -0.546938 -0.123409 
10.5 0.5 -0.5 1 -0.122747 -0.444567 
10.5 0.5 6 1 -0.113515 -0.151736 
10.5 10.5 -0.5 1 0.317776 -0.53562 
10.5 10.5 6 1 0.298285 -0.139526 
0.5 10.5 -0.5 1 -0.0842937 -0.829861 
0.5 10.5 6 1 -0.0673228 -0.0849152 
0.5 5.5 9.5 1 -0.340921 0.148866 
10.5 5.5 9.5 1 0.0627011 0.0181048 
0.5 6.5 -0.5 1 -0.356127 -0.693306 
0.5 8.5 -0.5 1 -0.236409 -0.753446 
0.5 8.5 4.5 1 -0.210569 -0.233801 
0.5 6.5 4.5 1 -0.322982 -0.229394 
0.5 2.5 2 1 -0.511871 -0.406932 
0.5 4.5 2 1 -0.433361 -0.427118 
0.5 4.5 4.5 1 -0.415375 -0.225772 
0.5 2.5 4.5 1 -0.49266 -0.222742 
