0 0 0 1 -0.0844507 -0.252032 
0 0 6.5 1 -0.115206 0.448469 
10 0 0 1 -0.248122 -0.043002 
10 0 6.5 1 -0.27469 0.313831 
10 10 0 1 0.198483 0.00671876 
10 10 6.5 1 0.202563 0.304044 
0 10 0 1 0.613594 -0.111836 
0 10 6.5 1 0.662482 0.390784 
0 5 10 1 0.357626 0.791108 
10 5 10 1 -0.0182363 0.500884 
0 6 0 1 0.38613 -0.15752 
0 8 0 1 0.50648 -0.133349 
0 8 5 1 0.536919 0.26652 
0 6 5 1 0.408271 0.267101 
0 2 2.5 1 0.0929239 0.0147693 
0 4 2.5 1 0.255278 0.0314829 
0 4 5 1 0.26112 0.267765 
0 2 5 1 0.0911637 0.268532 
0.5 0.5 -0.5 1 -0.0523139 -0.268221 
0.5 0.5 6 1 -0.0763758 0.375126 
10.5 0.5 -0.5 1 -0.224646 -0.0595633 
10.5 0.5 6 1 -0.248563 0.281894 
10.5 10.5 -0.5 1 0.204167 -0.00875407 
10.5 10.5 6 1 0.208432 0.277832 
0.5 10.5 -0.5 1 0.601598 -0.130982 
0.5 10.5 6 1 0.646604 0.341629 
0.5 5.5 9.5 1 0.359139 0.70226 
10.5 5.5 9.5 1 -0.00332672 0.463889 
0.5 6.5 -0.5 1 0.385743 -0.176284 
0.5 8.5 -0.5 1 0.499612 -0.152386 
0.5 8.5 4.5 1 0.527761 0.222796 
0.5 6.5 4.5 1 0.406486 0.220588 
0.5 2.5 2 1 0.112279 -0.0190469 
0.5 4.5 2 1 0.263123 -0.00121207 
0.5 4.5 4.5 1 0.268917 0.218084 
0.5 2.5 4.5 1 0.111536 0.215218 
