0 0 0 1 -0.525227 -0.446649 
0 0 6.5 1 -0.512153 -0.0729636 
10 0 0 1 -0.0651909 -0.354929 
10 0 6.5 1 -0.0758163 -0.0828973 
10 10 0 1 0.302703 -0.416187 
10 10 6.5 1 0.264553 -0.0257867 
0 10 0 1 -0.258237 -0.616272 
0 10 6.5 1 -0.263013 0.024509 
0 5 10 1 -0.414472 0.189652 
10 5 10 1 0.0547148 0.099965 
0 6 0 1 -0.401759 -0.52509 
0 8 0 1 -0.339289 -0.564778 
0 8 5 1 -0.337003 -0.124634 
0 6 5 1 -0.395873 -0.134736 
0 2 2.5 1 -0.486923 -0.304609 
0 4 2.5 1 -0.447228 -0.313207 
0 4 5 1 -0.443307 -0.142876 
0 2 5 1 -0.482343 -0.149575 
0.5 0.5 -0.5 1 -0.486705 -0.475989 
0.5 0.5 6 1 -0.475854 -0.0979199 
10.5 0.5 -0.5 1 -0.0347622 -0.375713 
10.5 0.5 6 1 -0.0467912 -0.101353 
10.5 10.5 -0.5 1 0.349799 -0.44686 
10.5 10.5 6 1 0.308395 -0.0516485 
0.5 10.5 -0.5 1 -0.187201 -0.669936 
0.5 10.5 6 1 -0.199194 -0.0162062 
0.5 5.5 9.5 1 -0.369936 0.161818 
10.5 5.5 9.5 1 0.0886594 0.0799533 
0.5 6.5 -0.5 1 -0.348615 -0.565411 
0.5 8.5 -0.5 1 -0.278476 -0.61083 
0.5 8.5 4.5 1 -0.280406 -0.162819 
0.5 6.5 4.5 1 -0.345976 -0.16887 
0.5 2.5 2 1 -0.445578 -0.334738 
0.5 4.5 2 1 -0.40137 -0.346447 
0.5 4.5 4.5 1 -0.398701 -0.173736 
0.5 2.5 4.5 1 -0.442019 -0.177734 
