0 0 0 1 -0.717873 -0.54195 
0 0 6.5 1 -0.634913 -0.0165606 
10 0 0 1 -0.236968 -0.377621 
10 0 6.5 1 -0.205717 -0.0747665 
10 10 0 1 0.236461 -0.472842 
10 10 6.5 1 0.253353 -0.103456 
0 10 0 1 0.0524727 -0.813965 
0 10 6.5 1 0.102123 -0.0497769 
0 5 10 1 -0.293312 0.268966 
10 5 10 1 0.0153831 0.0806952 
0 6 0 1 -0.325968 -0.680335 
0 8 0 1 -0.152323 -0.74165 
0 8 5 1 -0.103394 -0.192556 
0 6 5 1 -0.270343 -0.174148 
0 2 2.5 1 -0.57217 -0.357348 
0 4 2.5 1 -0.444181 -0.386328 
0 4 5 1 -0.414986 -0.1582 
0 2 5 1 -0.541515 -0.144249 
0.5 0.5 -0.5 1 -0.657087 -0.579435 
0.5 0.5 6 1 -0.579123 -0.0599167 
10.5 0.5 -0.5 1 -0.206518 -0.40079 
10.5 0.5 6 1 -0.176653 -0.099882 
10.5 10.5 -0.5 1 0.267919 -0.499842 
10.5 10.5 6 1 0.283258 -0.133368 
0.5 10.5 -0.5 1 0.121556 -0.861395 
0.5 10.5 6 1 0.164226 -0.109771 
0.5 5.5 9.5 1 -0.236579 0.215263 
10.5 5.5 9.5 1 0.0442996 0.052302 
0.5 6.5 -0.5 1 -0.259523 -0.7234 
0.5 8.5 -0.5 1 -0.0843242 -0.786842 
0.5 8.5 4.5 1 -0.0406122 -0.246207 
0.5 6.5 4.5 1 -0.208787 -0.224383 
0.5 2.5 2 1 -0.511619 -0.399395 
0.5 4.5 2 1 -0.38189 -0.430681 
0.5 4.5 4.5 1 -0.354892 -0.205422 
0.5 2.5 4.5 1 -0.483006 -0.188797 
