0 0 0 1 0.269349 -0.188806 
0 0 6.5 1 0.248826 0.16322 
10 0 0 1 0.00174174 -0.481723 
10 0 6.5 1 -0.0568751 0.170628 
10 10 0 1 -0.569281 -0.333874 
10 10 6.5 1 -0.63415 0.0966387 
0 10 0 1 -0.15242 -0.157059 
0 10 6.5 1 -0.180855 0.118404 
0 5 10 1 -0.00720423 0.313097 
10 5 10 1 -0.445448 0.4303 
0 6 0 1 -0.00738405 -0.167976 
0 8 0 1 -0.0831422 -0.162273 
0 8 5 1 -0.10423 0.057692 
0 6 5 1 -0.0276131 0.0623905 
0 2 2.5 1 0.158905 -0.0556448 
0 4 2.5 1 0.0663848 -0.0548847 
0 4 5 1 0.0567172 0.067562 
0 2 5 1 0.149987 0.0732818 
0.5 0.5 -0.5 1 0.236603 -0.221001 
0.5 0.5 6 1 0.214693 0.132226 
10.5 0.5 -0.5 1 -0.0625474 -0.5453 
10.5 0.5 6 1 -0.126652 0.11105 
10.5 10.5 -0.5 1 -0.616534 -0.374769 
10.5 10.5 6 1 -0.684198 0.057499 
0.5 10.5 -0.5 1 -0.180325 -0.182168 
0.5 10.5 6 1 -0.20974 0.0940295 
0.5 5.5 9.5 1 -0.0392091 0.286385 
10.5 5.5 9.5 1 -0.506163 0.384819 
0.5 6.5 -0.5 1 -0.037087 -0.195509 
0.5 8.5 -0.5 1 -0.111923 -0.188539 
0.5 8.5 4.5 1 -0.13381 0.032031 
0.5 6.5 4.5 1 -0.0581715 0.03552 
0.5 2.5 2 1 0.126734 -0.0857324 
0.5 4.5 2 1 0.0352617 -0.0834635 
0.5 4.5 4.5 1 0.0251289 0.0393624 
0.5 2.5 4.5 1 0.117317 0.0436147 
