0 0 0 1 0.25668 -0.0598751 
0 0 6.5 1 0.254883 0.309689 
10 0 0 1 -0.151831 -0.256972 
10 0 6.5 1 -0.203134 0.383661 
10 10 0 1 -0.553267 -0.11945 
10 10 6.5 1 -0.612678 0.276532 
0 10 0 1 -0.125105 -0.0153821 
0 10 6.5 1 -0.144722 0.257154 
0 5 10 1 0.0161333 0.463105 
10 5 10 1 -0.495817 0.618027 
0 6 0 1 0.00147126 -0.0301332 
0 8 0 1 -0.0652327 -0.0223596 
0 8 5 1 -0.0786878 0.196343 
0 6 5 1 -0.0100611 0.201239 
0 2 2.5 1 0.15786 0.0792022 
0 4 2.5 1 0.0718342 0.0813458 
0 4 5 1 0.0672301 0.206753 
0 2 5 1 0.154937 0.21301 
0.5 0.5 -0.5 1 0.219266 -0.0892863 
0.5 0.5 6 1 0.215022 0.277906 
10.5 0.5 -0.5 1 -0.215055 -0.306913 
10.5 0.5 6 1 -0.273671 0.326466 
10.5 10.5 -0.5 1 -0.592584 -0.151063 
10.5 10.5 6 1 -0.654703 0.24216 
0.5 10.5 -0.5 1 -0.152626 -0.0373068 
0.5 10.5 6 1 -0.173543 0.233938 
0.5 5.5 9.5 1 -0.0183402 0.435255 
10.5 5.5 9.5 1 -0.551057 0.572426 
0.5 6.5 -0.5 1 -0.0293056 -0.0545433 
0.5 8.5 -0.5 1 -0.0942906 -0.0454603 
0.5 8.5 4.5 1 -0.108851 0.172152 
0.5 6.5 4.5 1 -0.0420813 0.175607 
0.5 2.5 2 1 0.122168 0.0509099 
0.5 4.5 2 1 0.0384332 0.0547977 
0.5 4.5 4.5 1 0.0331102 0.179499 
0.5 2.5 4.5 1 0.118424 0.183915 
