0 0 0 1 0.302882 -0.42554 
0 0 6.5 1 0.326992 0.00800235 
10 0 0 1 -0.382201 -0.378753 
10 0 6.5 1 -0.327973 0.0710384 
10 10 0 1 -0.254468 -0.260738 
10 10 6.5 1 -0.225218 0.00584134 
0 10 0 1 0.152849 -0.291751 
0 10 6.5 1 0.171264 -0.0309573 
0 5 10 1 0.241076 0.150964 
10 5 10 1 -0.244206 0.201844 
0 6 0 1 0.195678 -0.329942 
0 8 0 1 0.172398 -0.309183 
0 8 5 1 0.187452 -0.0898384 
0 6 5 1 0.211605 -0.0896656 
0 2 2.5 1 0.267749 -0.235568 
0 4 2.5 1 0.232407 -0.220579 
0 4 5 1 0.240728 -0.0894572 
0 2 5 1 0.27653 -0.0892011 
0.5 0.5 -0.5 1 0.256908 -0.44632 
0.5 0.5 6 1 0.282211 -0.0233174 
10.5 0.5 -0.5 1 -0.410638 -0.401752 
10.5 0.5 6 1 -0.356714 0.0367171 
10.5 10.5 -0.5 1 -0.273578 -0.276443 
10.5 10.5 6 1 -0.244334 -0.0138785 
0.5 10.5 -0.5 1 0.127476 -0.306554 
0.5 10.5 6 1 0.146213 -0.0496063 
0.5 5.5 9.5 1 0.209188 0.124671 
10.5 5.5 9.5 1 -0.267234 0.173722 
0.5 6.5 -0.5 1 0.164715 -0.346766 
0.5 8.5 -0.5 1 0.144502 -0.324939 
0.5 8.5 4.5 1 0.159863 -0.10913 
0.5 6.5 4.5 1 0.181029 -0.110725 
0.5 2.5 2 1 0.228469 -0.258226 
0.5 4.5 2 1 0.197887 -0.241247 
0.5 4.5 4.5 1 0.206458 -0.112642 
0.5 2.5 4.5 1 0.237581 -0.114987 
