0 0 0 1 0.258653 -0.0950951 
0 0 6.5 1 0.250776 0.268213 
10 0 0 1 -0.110542 -0.321003 
10 0 6.5 1 -0.164496 0.32105 
10 10 0 1 -0.560289 -0.178395 
10 10 6.5 1 -0.62307 0.225853 
0 10 0 1 -0.135044 -0.0539071 
0 10 6.5 1 -0.158044 0.218731 
0 5 10 1 0.00616188 0.420816 
10 5 10 1 -0.487094 0.564259 
0 6 0 1 -0.00310073 -0.0677108 
0 8 0 1 -0.0724554 -0.060455 
0 8 5 1 -0.0887178 0.157973 
0 6 5 1 -0.0177191 0.162691 
0 2 2.5 1 0.156094 0.0418964 
0 4 2.5 1 0.0680642 0.0437533 
0 4 5 1 0.06171 0.167969 
0 2 5 1 0.151166 0.173913 
0.5 0.5 -0.5 1 0.222622 -0.125254 
0.5 0.5 6 1 0.21263 0.23672 
10.5 0.5 -0.5 1 -0.174485 -0.374362 
10.5 0.5 6 1 -0.235413 0.263356 
10.5 10.5 -0.5 1 -0.601666 -0.212277 
10.5 10.5 6 1 -0.667257 0.190274 
0.5 10.5 -0.5 1 -0.162611 -0.0766694 
0.5 10.5 6 1 -0.186832 0.195217 
0.5 5.5 9.5 1 -0.0275686 0.393335 
10.5 5.5 9.5 1 -0.544115 0.518741 
0.5 6.5 -0.5 1 -0.0335278 -0.0929489 
0.5 8.5 -0.5 1 -0.101382 -0.0843914 
0.5 8.5 4.5 1 -0.11867 0.1334 
0.5 6.5 4.5 1 -0.0492825 0.136744 
0.5 2.5 2 1 0.121451 0.0131371 
0.5 4.5 2 1 0.0353518 0.0166724 
0.5 4.5 4.5 1 0.028352 0.140486 
0.5 2.5 4.5 1 0.115797 0.1447 
