0 0 0 1 0.256262 -0.0353837 
0 0 6.5 1 0.260817 0.3398 
10 0 0 1 -0.187931 -0.208037 
10 0 6.5 1 -0.235485 0.428675 
10 10 0 1 -0.542883 -0.0731447 
10 10 6.5 1 -0.597394 0.31436 
0 10 0 1 -0.113165 0.0136488 
0 10 6.5 1 -0.128815 0.285818 
0 5 10 1 0.0288729 0.494356 
10 5 10 1 -0.497253 0.655412 
0 6 0 1 0.00803982 -0.00243827 
0 8 0 1 -0.0559891 0.00606002 
0 8 5 1 -0.0662294 0.224843 
0 6 5 1 -3.56318e-05 0.229657 
0 2 2.5 1 0.161519 0.105995 
0 4 2.5 1 0.0776716 0.108726 
0 4 5 1 0.0749916 0.235114 
0 2 5 1 0.160747 0.241352 
0.5 0.5 -0.5 1 0.217551 -0.0640489 
0.5 0.5 6 1 0.21934 0.307773 
10.5 0.5 -0.5 1 -0.250022 -0.254874 
10.5 0.5 6 1 -0.304998 0.372081 
10.5 10.5 -0.5 1 -0.580307 -0.102753 
10.5 10.5 6 1 -0.637382 0.281141 
0.5 10.5 -0.5 1 -0.140651 -0.00748387 
0.5 10.5 6 1 -0.157665 0.262914 
0.5 5.5 9.5 1 -0.00627515 0.466197 
10.5 5.5 9.5 1 -0.550534 0.6099 
0.5 6.5 -0.5 1 -0.0230589 -0.0260533 
0.5 8.5 -0.5 1 -0.0851706 -0.016245 
0.5 8.5 4.5 1 -0.0965837 0.201039 
0.5 6.5 4.5 1 -0.0324703 0.204355 
0.5 2.5 2 1 0.124855 0.0781795 
0.5 4.5 2 1 0.043638 0.0827103 
0.5 4.5 4.5 1 0.0401733 0.208112 
0.5 2.5 4.5 1 0.123171 0.212405 
