0 0 0 1 0.256961 -0.126651 
0 0 6.5 1 0.289715 0.248049 
10 0 0 1 -0.302361 -0.242977 
10 0 6.5 1 -0.313793 0.305508 
10 10 0 1 -0.454194 -0.0614436 
10 10 6.5 1 -0.470275 0.266598 
0 10 0 1 -0.0376913 -0.0201692 
0 10 6.5 1 -0.0299821 0.236684 
0 5 10 1 0.107993 0.420486 
10 5 10 1 -0.422627 0.530009 
0 6 0 1 0.0548575 -0.0536147 
0 8 0 1 0.00549173 -0.0357748 
0 8 5 1 0.0134675 0.17257 
0 6 5 1 0.0655219 0.169521 
0 2 2.5 1 0.187454 0.0286283 
0 4 2.5 1 0.118746 0.043197 
0 4 5 1 0.125972 0.16598 
0 2 5 1 0.197026 0.161818 
0.5 0.5 -0.5 1 0.214392 -0.149511 
0.5 0.5 6 1 0.24368 0.218611 
10.5 0.5 -0.5 1 -0.353761 -0.273849 
10.5 0.5 6 1 -0.370418 0.260588 
10.5 10.5 -0.5 1 -0.483735 -0.0821245 
10.5 10.5 6 1 -0.501455 0.240888 
0.5 10.5 -0.5 1 -0.0645401 -0.0368377 
0.5 10.5 6 1 -0.0581902 0.216925 
0.5 5.5 9.5 1 0.0717149 0.394117 
10.5 5.5 9.5 1 -0.464486 0.49211 
0.5 6.5 -0.5 1 0.0233036 -0.0723219 
0.5 8.5 -0.5 1 -0.0235259 -0.0534053 
0.5 8.5 4.5 1 -0.0167594 0.152288 
0.5 6.5 4.5 1 0.0325356 0.147771 
0.5 2.5 2 1 0.148267 0.00535406 
0.5 4.5 2 1 0.0833492 0.0215824 
0.5 4.5 4.5 1 0.0896941 0.142534 
0.5 2.5 4.5 1 0.156761 0.13639 
