0 0 0 1 0.182779 -0.396466 
0 0 6.5 1 0.17478 -0.0987596 
10 0 0 1 0.672838 -0.523745 
10 0 6.5 1 0.616966 -0.0412106 
10 10 0 1 0.0330354 -0.700356 
10 10 6.5 1 0.0338442 0.0460045 
0 10 0 1 -0.276275 -0.44805 
0 10 6.5 1 -0.254034 -0.0675216 
0 5 10 1 -0.0127211 0.0782391 
10 5 10 1 0.36501 0.260684 
0 6 0 1 -0.064364 -0.424238 
0 8 0 1 -0.164584 -0.435499 
0 8 5 1 -0.153927 -0.153865 
0 6 5 1 -0.0592135 -0.156907 
0 2 2.5 1 0.106473 -0.280706 
0 4 2.5 1 0.0263831 -0.283781 
0 4 5 1 0.026686 -0.159666 
0 2 5 1 0.104947 -0.16218 
0.5 0.5 -0.5 1 0.180448 -0.427702 
0.5 0.5 6 1 0.172309 -0.117971 
10.5 0.5 -0.5 1 0.698907 -0.583968 
10.5 0.5 6 1 0.637508 -0.0690539 
10.5 10.5 -0.5 1 0.0117026 -0.816244 
10.5 10.5 6 1 0.0156399 0.0105552 
0.5 10.5 -0.5 1 -0.30105 -0.491092 
0.5 10.5 6 1 -0.27601 -0.0906968 
0.5 5.5 9.5 1 -0.0223831 0.0640013 
10.5 5.5 9.5 1 0.372514 0.248002 
0.5 6.5 -0.5 1 -0.0775235 -0.461665 
0.5 8.5 -0.5 1 -0.182966 -0.475546 
0.5 8.5 4.5 1 -0.170857 -0.179829 
0.5 6.5 4.5 1 -0.0714855 -0.181675 
0.5 2.5 2 1 0.101243 -0.308349 
0.5 4.5 2 1 0.017759 -0.312912 
0.5 4.5 4.5 1 0.0182859 -0.183343 
0.5 2.5 4.5 1 0.0997842 -0.184857 
