0 0 0 1 -0.551184 -0.293322 
0 0 6.5 1 -0.517902 0.325007 
10 0 0 1 -0.251836 -0.119457 
10 0 6.5 1 -0.227915 0.197787 
10 10 0 1 0.236526 -0.171806 
10 10 6.5 1 0.273111 0.154329 
0 10 0 1 0.401614 -0.40827 
0 10 6.5 1 0.48438 0.244737 
0 5 10 1 0.000153396 0.654148 
10 5 10 1 0.0354399 0.356058 
0 6 0 1 0.00661096 -0.360616 
0 8 0 1 0.201685 -0.38415 
0 8 5 1 0.256374 0.107039 
0 6 5 1 0.0534304 0.125256 
0 2 2.5 1 -0.353865 -0.0816309 
0 4 2.5 1 -0.164475 -0.101604 
0 4 5 1 -0.144466 0.14302 
0 2 5 1 -0.337502 0.160347 
0.5 0.5 -0.5 1 -0.48308 -0.325858 
0.5 0.5 6 1 -0.448335 0.262001 
10.5 0.5 -0.5 1 -0.222911 -0.140814 
10.5 0.5 6 1 -0.198906 0.168218 
10.5 10.5 -0.5 1 0.254363 -0.192531 
10.5 10.5 6 1 0.290453 0.124927 
0.5 10.5 -0.5 1 0.428395 -0.437263 
0.5 10.5 6 1 0.508298 0.181823 
0.5 5.5 9.5 1 0.0479424 0.57129 
10.5 5.5 9.5 1 0.0586808 0.321691 
0.5 6.5 -0.5 1 0.0511406 -0.391153 
0.5 8.5 -0.5 1 0.237558 -0.413938 
0.5 8.5 4.5 1 0.290855 0.0522661 
0.5 6.5 4.5 1 0.0972668 0.0702623 
0.5 2.5 2 1 -0.292952 -0.124873 
0.5 4.5 2 1 -0.111707 -0.144415 
0.5 4.5 4.5 1 -0.0917364 0.0878323 
0.5 2.5 4.5 1 -0.276316 0.104991 
