0 0 0 1 -0.186441 -0.322872 
0 0 6.5 1 -0.21052 0.354982 
10 0 0 1 -0.247407 -0.0690406 
10 0 6.5 1 -0.263392 0.277022 
10 10 0 1 0.212801 -0.0359352 
10 10 6.5 1 0.227232 0.26474 
0 10 0 1 0.592962 -0.209365 
0 10 6.5 1 0.66102 0.313579 
0 5 10 1 0.309197 0.715462 
10 5 10 1 0.000787622 0.461889 
0 6 0 1 0.326875 -0.248116 
0 8 0 1 0.466113 -0.227838 
0 8 5 1 0.508692 0.182662 
0 6 5 1 0.358944 0.18241 
0 2 2.5 1 0.0044396 -0.068376 
0 4 2.5 1 0.182394 -0.0546373 
0 4 5 1 0.192327 0.182129 
0 2 5 1 0.00582293 0.181815 
0.5 0.5 -0.5 1 -0.143615 -0.335642 
0.5 0.5 6 1 -0.160071 0.289669 
10.5 0.5 -0.5 1 -0.222334 -0.0848392 
10.5 0.5 6 1 -0.236002 0.247085 
10.5 10.5 -0.5 1 0.220518 -0.0507801 
10.5 10.5 6 1 0.234934 0.239174 
0.5 10.5 -0.5 1 0.58617 -0.225353 
0.5 10.5 6 1 0.649607 0.265854 
0.5 5.5 9.5 1 0.319853 0.629858 
10.5 5.5 9.5 1 0.0175468 0.426383 
0.5 6.5 -0.5 1 0.334591 -0.263373 
0.5 8.5 -0.5 1 0.465919 -0.243526 
0.5 8.5 4.5 1 0.505978 0.141539 
0.5 6.5 4.5 1 0.365343 0.139245 
0.5 2.5 2 1 0.0344459 -0.097722 
0.5 4.5 2 1 0.19982 -0.0833595 
0.5 4.5 4.5 1 0.209897 0.13671 
0.5 2.5 4.5 1 0.03717 0.133893 
