0 0 0 1 -0.720927 -0.590191 
0 0 6.5 1 -0.63826 -0.0774041 
10 0 0 1 -0.223832 -0.423607 
10 0 6.5 1 -0.195678 -0.120256 
10 10 0 1 0.243726 -0.525243 
10 10 6.5 1 0.253048 -0.143757 
0 10 0 1 -0.0139187 -0.887677 
0 10 6.5 1 0.031839 -0.103299 
0 5 10 1 -0.331902 0.20352 
10 5 10 1 0.0152059 0.0379074 
0 6 0 1 -0.370181 -0.737773 
0 8 0 1 -0.208935 -0.80562 
0 8 5 1 -0.161004 -0.247436 
0 6 5 1 -0.314701 -0.2293 
0 2 2.5 1 -0.588734 -0.409566 
0 4 2.5 1 -0.474599 -0.439402 
0 4 5 1 -0.445507 -0.213865 
0 2 5 1 -0.558182 -0.200569 
0.5 0.5 -0.5 1 -0.662979 -0.627878 
0.5 0.5 6 1 -0.585385 -0.11795 
10.5 0.5 -0.5 1 -0.193048 -0.447016 
10.5 0.5 6 1 -0.16643 -0.144645 
10.5 10.5 -0.5 1 0.278188 -0.553646 
10.5 10.5 6 1 0.285565 -0.173741 
0.5 10.5 -0.5 1 0.0612928 -0.939471 
0.5 10.5 6 1 0.0984131 -0.162093 
0.5 5.5 9.5 1 -0.275678 0.154045 
10.5 5.5 9.5 1 0.0452298 0.0104904 
0.5 6.5 -0.5 1 -0.302562 -0.782935 
0.5 8.5 -0.5 1 -0.137603 -0.853903 
0.5 8.5 4.5 1 -0.0957892 -0.300357 
0.5 6.5 4.5 1 -0.252559 -0.278269 
0.5 2.5 2 1 -0.530103 -0.450944 
0.5 4.5 2 1 -0.413008 -0.483534 
0.5 4.5 4.5 1 -0.386276 -0.259429 
0.5 2.5 4.5 1 -0.501676 -0.243169 
