0 0 0 1 0.0318972 -0.248816 
0 0 6.5 1 -0.00524277 0.44134 
10 0 0 1 -0.245882 -0.0708446 
10 0 6.5 1 -0.281581 0.289908 
10 10 0 1 0.176855 -0.00137538 
10 10 6.5 1 0.168963 0.285776 
0 10 0 1 0.613326 -0.0810182 
0 10 6.5 1 0.634497 0.381845 
0 5 10 1 0.384228 0.749365 
10 5 10 1 -0.0404395 0.474365 
0 6 0 1 0.432531 -0.133195 
0 8 0 1 0.529173 -0.105304 
0 8 5 1 0.541019 0.2686 
0 6 5 1 0.438714 0.268447 
0 2 2.5 1 0.182735 0.0230485 
0 4 2.5 1 0.319622 0.0435957 
0 4 5 1 0.31879 0.268267 
0 2 5 1 0.176268 0.268054 
0.5 0.5 -0.5 1 0.0500761 -0.265917 
0.5 0.5 6 1 0.0178386 0.36855 
10.5 0.5 -0.5 1 -0.225033 -0.0872204 
10.5 0.5 6 1 -0.258051 0.257749 
10.5 10.5 -0.5 1 0.18041 -0.0166891 
10.5 10.5 6 1 0.17294 0.260385 
0.5 10.5 -0.5 1 0.597646 -0.101022 
0.5 10.5 6 1 0.616552 0.336192 
0.5 5.5 9.5 1 0.378096 0.66781 
10.5 5.5 9.5 1 -0.0280435 0.43819 
0.5 6.5 -0.5 1 0.424677 -0.15311 
0.5 8.5 -0.5 1 0.516826 -0.12536 
0.5 8.5 4.5 1 0.527283 0.226814 
0.5 6.5 4.5 1 0.429989 0.223553 
0.5 2.5 2 1 0.18996 -0.0113982 
0.5 4.5 2 1 0.317849 0.0105667 
0.5 4.5 4.5 1 0.317009 0.219766 
0.5 2.5 4.5 1 0.184214 0.215315 
