0 0 0 1 0.257148 -0.0706693 
0 0 6.5 1 0.253287 0.29682 
10 0 0 1 -0.13862 -0.277002 
10 0 6.5 1 -0.190907 0.364224 
10 10 0 1 -0.555949 -0.137924 
10 10 6.5 1 -0.616654 0.26077 
0 10 0 1 -0.128636 -0.0273543 
0 10 6.5 1 -0.149449 0.245211 
0 5 10 1 0.0124919 0.449951 
10 5 10 1 -0.493678 0.601485 
0 6 0 1 -0.000276416 -0.0417663 
0 8 0 1 -0.0678636 -0.0341778 
0 8 5 1 -0.0823022 0.184427 
0 6 5 1 -0.0128813 0.189279 
0 2 2.5 1 0.157049 0.0676861 
0 4 2.5 1 0.0703407 0.0697163 
0 4 5 1 0.0651323 0.194731 
0 2 5 1 0.153439 0.200903 
0.5 0.5 -0.5 1 0.220188 -0.100325 
0.5 0.5 6 1 0.213991 0.265134 
10.5 0.5 -0.5 1 -0.202127 -0.328034 
10.5 0.5 6 1 -0.261638 0.306868 
10.5 10.5 -0.5 1 -0.595931 -0.170257 
10.5 10.5 6 1 -0.659384 0.226009 
0.5 10.5 -0.5 1 -0.15617 -0.0495504 
0.5 10.5 6 1 -0.178258 0.221897 
0.5 5.5 9.5 1 -0.0217387 0.422222 
10.5 5.5 9.5 1 -0.54953 0.555904 
0.5 6.5 -0.5 1 -0.0309379 -0.0664456 
0.5 8.5 -0.5 1 -0.0968768 -0.0575497 
0.5 8.5 4.5 1 -0.112396 0.160111 
0.5 6.5 4.5 1 -0.0447517 0.163544 
0.5 2.5 2 1 0.121701 0.0392411 
0.5 4.5 2 1 0.0371654 0.0429941 
0.5 4.5 4.5 1 0.0312619 0.167403 
0.5 2.5 4.5 1 0.117301 0.17177 
