0 0 0 1 0.292498 -0.294558 
0 0 6.5 1 0.253642 0.049269 
10 0 0 1 0.376537 -0.531863 
10 0 6.5 1 0.292457 0.179061 
10 10 0 1 -0.584108 -0.529849 
10 10 6.5 1 -0.601697 0.0567246 
0 10 0 1 -0.207045 -0.316663 
0 10 6.5 1 -0.22761 -0.00477688 
0 5 10 1 -0.0137739 0.188839 
10 5 10 1 -0.219407 0.427664 
0 6 0 1 -0.0194089 -0.30836 
0 8 0 1 -0.115095 -0.312594 
0 8 5 1 -0.133455 -0.0664463 
0 6 5 1 -0.040386 -0.0574278 
0 2 2.5 1 0.170541 -0.167193 
0 4 2.5 1 0.0682045 -0.174442 
0 4 5 1 0.0564513 -0.0480442 
0 2 5 1 0.15729 -0.0382728 
0.5 0.5 -0.5 1 0.269375 -0.329596 
0.5 0.5 6 1 0.230388 0.0233138 
10.5 0.5 -0.5 1 0.331127 -0.619361 
10.5 0.5 6 1 0.246141 0.131494 
10.5 10.5 -0.5 1 -0.660545 -0.600433 
10.5 10.5 6 1 -0.674539 0.013015 
0.5 10.5 -0.5 1 -0.238581 -0.34868 
0.5 10.5 6 1 -0.258633 -0.029346 
0.5 5.5 9.5 1 -0.0412321 0.167615 
10.5 5.5 9.5 1 -0.281049 0.396562 
0.5 6.5 -0.5 1 -0.0480616 -0.341522 
0.5 8.5 -0.5 1 -0.14526 -0.345174 
0.5 8.5 4.5 1 -0.163301 -0.0929959 
0.5 6.5 4.5 1 -0.068807 -0.084319 
0.5 2.5 2 1 0.145399 -0.198104 
0.5 4.5 2 1 0.0412825 -0.204868 
0.5 4.5 4.5 1 0.0295981 -0.075283 
0.5 2.5 4.5 1 0.132162 -0.0658651 
