0 0 0 1 0.376307 -0.509601 
0 0 6.5 1 0.307012 0.0758979 
10 0 0 1 -0.239443 -0.40981 
10 0 6.5 1 -0.26422 -0.0219998 
10 10 0 1 0.0728192 -0.285233 
10 10 6.5 1 0.0485675 -0.0247257 
0 10 0 1 0.519357 -0.305032 
0 10 6.5 1 0.474356 0.0318601 
0 5 10 1 0.384766 0.265003 
10 5 10 1 -0.0910229 0.136998 
0 6 0 1 0.479816 -0.361578 
0 8 0 1 0.501433 -0.330665 
0 8 5 1 0.463863 -0.0452679 
0 6 5 1 0.439104 -0.0467453 
0 2 2.5 1 0.39494 -0.245535 
0 4 2.5 1 0.43068 -0.221245 
0 4 5 1 0.40884 -0.0485512 
0 2 5 1 0.371005 -0.0508088 
0.5 0.5 -0.5 1 0.349113 -0.53044 
0.5 0.5 6 1 0.284846 0.0249911 
10.5 0.5 -0.5 1 -0.234613 -0.427486 
10.5 0.5 6 1 -0.258657 -0.0530942 
10.5 10.5 -0.5 1 0.0681635 -0.300419 
10.5 10.5 6 1 0.044622 -0.0460303 
0.5 10.5 -0.5 1 0.498701 -0.323976 
0.5 10.5 6 1 0.455745 0.00275433 
0.5 5.5 9.5 1 0.365445 0.220218 
10.5 5.5 9.5 1 -0.0915817 0.107422 
0.5 6.5 -0.5 1 0.456626 -0.382048 
0.5 8.5 -0.5 1 0.479557 -0.350398 
0.5 8.5 4.5 1 0.443845 -0.0744579 
0.5 6.5 4.5 1 0.418106 -0.0786877 
0.5 2.5 2 1 0.370615 -0.276202 
0.5 4.5 2 1 0.40745 -0.249639 
0.5 4.5 4.5 1 0.386886 -0.0838181 
0.5 2.5 4.5 1 0.348225 -0.0901713 
