0 0 0 1 0.294716 -0.531655 
0 0 6.5 1 0.235312 0.0815641 
10 0 0 1 -0.223157 -0.353081 
10 0 6.5 1 -0.261162 0.0138519 
10 10 0 1 0.125217 -0.219708 
10 10 6.5 1 0.0993504 0.0422814 
0 10 0 1 0.575103 -0.273163 
0 10 6.5 1 0.54102 0.0941601 
0 5 10 1 0.403192 0.339191 
10 5 10 1 -0.0673598 0.196099 
0 6 0 1 0.495096 -0.346922 
0 8 0 1 0.538589 -0.306826 
0 8 5 1 0.509958 -1.16846e-05 
0 6 5 1 0.463522 -0.0108405 
0 2 2.5 1 0.357478 -0.248449 
0 4 2.5 1 0.424864 -0.21019 
0 4 5 1 0.407226 -0.0239687 
0 2 5 1 0.337557 -0.0402156 
0.5 0.5 -0.5 1 0.28039 -0.5413 
0.5 0.5 6 1 0.224666 0.0327177 
10.5 0.5 -0.5 1 -0.21181 -0.365957 
10.5 0.5 6 1 -0.248275 -0.0134291 
10.5 10.5 -0.5 1 0.123624 -0.232747 
10.5 10.5 6 1 0.0984801 0.0218156 
0.5 10.5 -0.5 1 0.55539 -0.289148 
0.5 10.5 6 1 0.522546 0.0637398 
0.5 5.5 9.5 1 0.386913 0.289429 
10.5 5.5 9.5 1 -0.0629018 0.167214 
0.5 6.5 -0.5 1 0.47547 -0.362428 
0.5 8.5 -0.5 1 0.518768 -0.322727 
0.5 8.5 4.5 1 0.491271 -0.0289614 
0.5 6.5 4.5 1 0.44527 -0.0419401 
0.5 2.5 2 1 0.341176 -0.273017 
0.5 4.5 2 1 0.406782 -0.234229 
0.5 4.5 4.5 1 0.389998 -0.0575345 
0.5 2.5 4.5 1 0.322339 -0.076624 
