0 0 0 1 -0.169294 -0.309624 
0 0 6.5 1 -0.194614 0.373032 
10 0 0 1 -0.247456 -0.0630106 
10 0 6.5 1 -0.2653 0.285084 
10 10 0 1 0.210831 -0.0268738 
10 10 6.5 1 0.223602 0.273458 
0 10 0 1 0.597804 -0.190545 
0 10 6.5 1 0.663124 0.329581 
0 5 10 1 0.319022 0.732024 
10 5 10 1 -0.00209658 0.470715 
0 6 0 1 0.338 -0.230875 
0 8 0 1 0.474217 -0.20973 
0 8 5 1 0.515106 0.199442 
0 6 5 1 0.368711 0.199182 
0 2 2.5 1 0.0198764 -0.0526334 
0 4 2.5 1 0.195654 -0.03817 
0 4 5 1 0.205024 0.198892 
0 2 5 1 0.0207864 0.198564 
0.5 0.5 -0.5 1 -0.128145 -0.322901 
0.5 0.5 6 1 -0.145932 0.306233 
10.5 0.5 -0.5 1 -0.222622 -0.0789285 
10.5 0.5 6 1 -0.238077 0.254788 
10.5 10.5 -0.5 1 0.218191 -0.0418262 
10.5 10.5 6 1 0.230979 0.247751 
0.5 10.5 -0.5 1 0.590016 -0.207097 
0.5 10.5 6 1 0.650783 0.281471 
0.5 5.5 9.5 1 0.328018 0.645518 
10.5 5.5 9.5 1 0.0143642 0.434897 
0.5 6.5 -0.5 1 0.344275 -0.246723 
0.5 8.5 -0.5 1 0.472794 -0.225999 
0.5 8.5 4.5 1 0.511161 0.157774 
0.5 6.5 4.5 1 0.373624 0.15535 
0.5 2.5 2 1 0.0481301 -0.082734 
0.5 4.5 2 1 0.21143 -0.0675849 
0.5 4.5 4.5 1 0.220901 0.152658 
0.5 2.5 4.5 1 0.0503308 0.149652 
