0 0 0 1 -0.721649 -0.581467 
0 0 6.5 1 -0.638471 -0.0651415 
10 0 0 1 -0.22771 -0.414238 
10 0 6.5 1 -0.198632 -0.110888 
10 10 0 1 0.241554 -0.51472 
10 10 6.5 1 0.252868 -0.13606 
0 10 0 1 0.00201811 -0.874413 
0 10 6.5 1 0.048783 -0.09383 
0 5 10 1 -0.323227 0.216698 
10 5 10 1 0.0149139 0.0464808 
0 6 0 1 -0.360473 -0.727674 
0 8 0 1 -0.195868 -0.794307 
0 8 5 1 -0.14754 -0.237526 
0 6 5 1 -0.304727 -0.219062 
0 2 2.5 1 -0.585937 -0.39984 
0 4 2.5 1 -0.46832 -0.429701 
0 4 5 1 -0.439068 -0.203281 
0 2 5 1 -0.555207 -0.189638 
0.5 0.5 -0.5 1 -0.662946 -0.619107 
0.5 0.5 6 1 -0.584853 -0.10635 
10.5 0.5 -0.5 1 -0.197001 -0.437587 
10.5 0.5 6 1 -0.169426 -0.135452 
10.5 10.5 -0.5 1 0.275272 -0.542763 
10.5 10.5 6 1 0.284742 -0.166024 
0.5 10.5 -0.5 1 0.0758731 -0.925064 
0.5 10.5 6 1 0.114391 -0.152913 
0.5 5.5 9.5 1 -0.266805 0.166221 
10.5 5.5 9.5 1 0.0446711 0.0188276 
0.5 6.5 -0.5 1 -0.293008 -0.772305 
0.5 8.5 -0.5 1 -0.125204 -0.841795 
0.5 8.5 4.5 1 -0.0827969 -0.290618 
0.5 6.5 4.5 1 -0.242623 -0.268332 
0.5 2.5 2 1 -0.526764 -0.441378 
0.5 4.5 2 1 -0.406461 -0.473882 
0.5 4.5 4.5 1 -0.379543 -0.24924 
0.5 2.5 4.5 1 -0.498152 -0.232702 
