0 0 0 1 -0.24253 -0.0221559 
0 0 6.5 1 -0.269263 0.246956 
10 0 0 1 0.151246 0.00844333 
10 0 6.5 1 0.142196 0.267083 
10 10 0 1 0.318097 -0.0813798 
10 10 6.5 1 0.314702 0.34036 
0 10 0 1 -0.322136 -0.138582 
0 10 6.5 1 -0.373691 0.311738 
0 5 10 1 -0.32857 0.468201 
10 5 10 1 0.202547 0.481622 
0 6 0 1 -0.280358 -0.0774808 
0 8 0 1 -0.298822 -0.104485 
0 8 5 1 -0.331899 0.19624 
0 6 5 1 -0.309025 0.191778 
0 2 2.5 1 -0.264044 0.0719218 
0 4 2.5 1 -0.277755 0.0639266 
0 4 5 1 -0.290632 0.188191 
0 2 5 1 -0.275522 0.185243 
0.5 0.5 -0.5 1 -0.222118 -0.0442218 
0.5 0.5 6 1 -0.248351 0.228014 
10.5 0.5 -0.5 1 0.176298 -0.0122566 
10.5 0.5 6 1 0.168182 0.249274 
10.5 10.5 -0.5 1 0.362629 -0.117084 
10.5 10.5 6 1 0.362318 0.312392 
0.5 10.5 -0.5 1 -0.28994 -0.178335 
0.5 10.5 6 1 -0.34038 0.28078 
0.5 5.5 9.5 1 -0.30245 0.447879 
10.5 5.5 9.5 1 0.237151 0.462713 
0.5 6.5 -0.5 1 -0.254184 -0.107629 
0.5 8.5 -0.5 1 -0.269942 -0.13879 
0.5 8.5 4.5 1 -0.3023 0.166997 
0.5 6.5 4.5 1 -0.282245 0.165686 
0.5 2.5 2 1 -0.241792 0.0490119 
0.5 4.5 2 1 -0.253572 0.0386352 
0.5 4.5 4.5 1 -0.26619 0.164636 
0.5 2.5 4.5 1 -0.253048 0.163777 
