0 0 0 1 0.355714 -0.535665 
0 0 6.5 1 0.288067 0.0634112 
10 0 0 1 -0.230341 -0.403351 
10 0 6.5 1 -0.261367 -0.0225858 
10 10 0 1 0.0949397 -0.269865 
10 10 6.5 1 0.0688245 -0.00903479 
0 10 0 1 0.544184 -0.301606 
0 10 6.5 1 0.5008 0.0459837 
0 5 10 1 0.394579 0.2806 
10 5 10 1 -0.0810167 0.147784 
0 6 0 1 0.491654 -0.366843 
0 8 0 1 0.52033 -0.331231 
0 8 5 1 0.484168 -0.0379291 
0 6 5 1 0.452414 -0.0437926 
0 2 2.5 1 0.388641 -0.260228 
0 4 2.5 1 0.43488 -0.22891 
0 4 5 1 0.41366 -0.0509484 
0 2 5 1 0.365306 -0.0598767 
0.5 0.5 -0.5 1 0.332481 -0.551655 
0.5 0.5 6 1 0.26942 0.013656 
10.5 0.5 -0.5 1 -0.223005 -0.418737 
10.5 0.5 6 1 -0.253019 -0.0518945 
10.5 10.5 -0.5 1 0.09142 -0.284075 
10.5 10.5 6 1 0.066036 -0.029851 
0.5 10.5 -0.5 1 0.523765 -0.31932 
0.5 10.5 6 1 0.482253 0.016635 
0.5 5.5 9.5 1 0.376217 0.234452 
10.5 5.5 9.5 1 -0.079707 0.118708 
0.5 6.5 -0.5 1 0.469479 -0.385256 
0.5 8.5 -0.5 1 0.499018 -0.349377 
0.5 8.5 4.5 1 0.464548 -0.0668129 
0.5 6.5 4.5 1 0.432232 -0.0751843 
0.5 2.5 2 1 0.366725 -0.288296 
0.5 4.5 2 1 0.413168 -0.255436 
0.5 4.5 4.5 1 0.393118 -0.0853168 
0.5 2.5 4.5 1 0.344807 -0.0978317 
