0 0 0 1 -0.649919 -0.332335 
0 0 6.5 1 -0.585103 0.232004 
10 0 0 1 -0.248578 -0.200661 
10 0 6.5 1 -0.216484 0.104302 
10 10 0 1 0.235139 -0.271855 
10 10 6.5 1 0.266802 0.068477 
0 10 0 1 0.251149 -0.510117 
0 10 6.5 1 0.315495 0.1886 
0 5 10 1 -0.147377 0.540839 
10 5 10 1 0.0291449 0.258444 
0 6 0 1 -0.15605 -0.429776 
0 8 0 1 0.0383443 -0.46813 
0 8 5 1 0.0885309 0.0468722 
0 6 5 1 -0.105638 0.0627534 
0 2 2.5 1 -0.473119 -0.134453 
0 4 2.5 1 -0.308961 -0.157247 
0 4 5 1 -0.283895 0.0773331 
0 2 5 1 -0.448117 0.0907649 
0.5 0.5 -0.5 1 -0.583432 -0.370113 
0.5 0.5 6 1 -0.52151 0.177395 
10.5 0.5 -0.5 1 -0.219075 -0.223549 
10.5 0.5 6 1 -0.187744 0.076431 
10.5 10.5 -0.5 1 0.258803 -0.295975 
10.5 10.5 6 1 0.289675 0.0381614 
0.5 10.5 -0.5 1 0.298309 -0.549696 
0.5 10.5 6 1 0.359451 0.123395 
0.5 5.5 9.5 1 -0.0926289 0.470846 
10.5 5.5 9.5 1 0.0549267 0.226489 
0.5 6.5 -0.5 1 -0.0985517 -0.468868 
0.5 8.5 -0.5 1 0.0912354 -0.507521 
0.5 8.5 4.5 1 0.138959 -0.0106458 
0.5 6.5 4.5 1 -0.050563 0.00705774 
0.5 2.5 2 1 -0.410137 -0.179839 
0.5 4.5 2 1 -0.248963 -0.203679 
0.5 4.5 4.5 1 -0.22507 0.0233587 
0.5 2.5 4.5 1 -0.386277 0.0384173 
