0 0 0 1 0.285617 -0.26184 
0 0 6.5 1 0.252659 0.0864627 
10 0 0 1 0.162615 -0.580341 
10 0 6.5 1 0.0949603 0.112001 
10 10 0 1 -0.582266 -0.47582 
10 10 6.5 1 -0.637467 0.014694 
0 10 0 1 -0.173418 -0.254717 
0 10 6.5 1 -0.20338 0.0338537 
0 5 10 1 -0.0138651 0.22931 
10 5 10 1 -0.367601 0.369734 
0 6 0 1 -0.00997843 -0.257253 
0 8 0 1 -0.0945856 -0.255941 
0 8 5 1 -0.118056 -0.0263968 
0 6 5 1 -0.033908 -0.0192688 
0 2 2.5 1 0.166902 -0.132083 
0 4 2.5 1 0.0688958 -0.135437 
0 4 5 1 0.0566696 -0.0115962 
0 2 5 1 0.154443 -0.00331408 
0.5 0.5 -0.5 1 0.256964 -0.296519 
0.5 0.5 6 1 0.223331 0.0565232 
10.5 0.5 -0.5 1 0.101357 -0.65934 
10.5 0.5 6 1 0.0308545 0.0519765 
10.5 10.5 -0.5 1 -0.64041 -0.529329 
10.5 10.5 6 1 -0.697322 -0.0293659 
0.5 10.5 -0.5 1 -0.202522 -0.283326 
0.5 10.5 6 1 -0.233009 0.00849069 
0.5 5.5 9.5 1 -0.0439608 0.20398 
10.5 5.5 9.5 1 -0.431926 0.326153 
0.5 6.5 -0.5 1 -0.039177 -0.288016 
0.5 8.5 -0.5 1 -0.12377 -0.285587 
0.5 8.5 4.5 1 -0.147664 -0.0533727 
0.5 6.5 4.5 1 -0.0635516 -0.0471596 
0.5 2.5 2 1 0.137702 -0.163684 
0.5 4.5 2 1 0.0395338 -0.165862 
0.5 4.5 4.5 1 0.0270726 -0.0404655 
0.5 2.5 4.5 1 0.124995 -0.0332322 
