0 0 0 1 0.276371 -0.242158 
0 0 6.5 1 0.243303 0.0797148 
10 0 0 1 0.565065 -0.47097 
10 0 6.5 1 0.497553 0.169638 
10 10 0 1 -0.428794 -0.578756 
10 10 6.5 1 -0.490901 0.0726283 
0 10 0 1 -0.220914 -0.294038 
0 10 6.5 1 -0.252625 0.0305325 
0 5 10 1 -0.0210468 0.228394 
10 5 10 1 -0.0273941 0.465889 
0 6 0 1 -0.021062 -0.273188 
0 8 0 1 -0.120831 -0.283597 
0 8 5 1 -0.145454 -0.0341581 
0 6 5 1 -0.0458952 -0.0241665 
0 2 2.5 1 0.164897 -0.128218 
0 4 2.5 1 0.0658569 -0.138354 
0 4 5 1 0.0533515 -0.0142062 
0 2 5 1 0.152288 -0.00427713 
0.5 0.5 -0.5 1 0.261109 -0.276183 
0.5 0.5 6 1 0.227229 0.0542103 
10.5 0.5 -0.5 1 0.549327 -0.552825 
10.5 0.5 6 1 0.478327 0.122443 
10.5 10.5 -0.5 1 -0.49896 -0.667853 
10.5 10.5 6 1 -0.563947 0.0194 
0.5 10.5 -0.5 1 -0.249438 -0.32971 
0.5 10.5 6 1 -0.281889 0.00352706 
0.5 5.5 9.5 1 -0.0440783 0.206725 
10.5 5.5 9.5 1 -0.0747847 0.434325 
0.5 6.5 -0.5 1 -0.0442307 -0.308196 
0.5 8.5 -0.5 1 -0.146669 -0.318935 
0.5 8.5 4.5 1 -0.171873 -0.0628428 
0.5 6.5 4.5 1 -0.069657 -0.0525426 
0.5 2.5 2 1 0.146708 -0.159268 
0.5 4.5 2 1 0.0450376 -0.16972 
0.5 4.5 4.5 1 0.0322308 -0.0422756 
0.5 2.5 4.5 1 0.133792 -0.0320414 
