0 0 0 1 -0.70076 -0.466732 
0 0 6.5 1 -0.621715 0.069725 
10 0 0 1 -0.244272 -0.314634 
10 0 6.5 1 -0.211483 -0.0124833 
10 10 0 1 0.233309 -0.400683 
10 10 6.5 1 0.256613 -0.0437722 
0 10 0 1 0.124134 -0.702091 
0 10 6.5 1 0.177982 0.0352549 
0 5 10 1 -0.245386 0.362297 
10 5 10 1 0.0189299 0.141542 
0 6 0 1 -0.269645 -0.589738 
0 8 0 1 -0.0863249 -0.642043 
0 8 5 1 -0.037261 -0.107006 
0 6 5 1 -0.215608 -0.0899741 
0 2 2.5 1 -0.542923 -0.277913 
0 4 2.5 1 -0.401395 -0.304427 
0 4 5 1 -0.373238 -0.074921 
0 2 5 1 -0.513563 -0.0615204 
0.5 0.5 -0.5 1 -0.637603 -0.504204 
0.5 0.5 6 1 -0.563118 0.0229192 
10.5 0.5 -0.5 1 -0.214204 -0.337639 
10.5 0.5 6 1 -0.182609 -0.0384661 
10.5 10.5 -0.5 1 0.261792 -0.426486 
10.5 10.5 6 1 0.283882 -0.0737322 
0.5 10.5 -0.5 1 0.185712 -0.7461 
0.5 10.5 6 1 0.234258 -0.0263708 
0.5 5.5 9.5 1 -0.188843 0.303513 
10.5 5.5 9.5 1 0.046681 0.112009 
0.5 6.5 -0.5 1 -0.205675 -0.631107 
0.5 8.5 -0.5 1 -0.0230982 -0.68475 
0.5 8.5 4.5 1 0.0218172 -0.161798 
0.5 6.5 4.5 1 -0.155691 -0.14189 
0.5 2.5 2 1 -0.48107 -0.320941 
0.5 4.5 2 1 -0.339316 -0.349317 
0.5 4.5 4.5 1 -0.313059 -0.124241 
0.5 2.5 4.5 1 -0.45353 -0.108487 
