0 0 0 1 -0.450595 -0.436366 
0 0 6.5 1 -0.46009 -0.0948392 
10 0 0 1 -0.0116864 -0.336357 
10 0 6.5 1 -0.0320662 -0.0729055 
10 10 0 1 0.318944 -0.418814 
10 10 6.5 1 0.274363 -0.0256927 
0 10 0 1 -0.282388 -0.637145 
0 10 6.5 1 -0.30951 -0.0404271 
0 5 10 1 -0.411953 0.142382 
10 5 10 1 0.076795 0.106971 
0 6 0 1 -0.373157 -0.528799 
0 8 0 1 -0.333749 -0.575839 
0 8 5 1 -0.349992 -0.171218 
0 6 5 1 -0.386037 -0.171257 
0 2 2.5 1 -0.434083 -0.313972 
0 4 2.5 1 -0.409687 -0.328548 
0 4 5 1 -0.414834 -0.171288 
0 2 5 1 -0.438369 -0.171314 
0.5 0.5 -0.5 1 -0.416335 -0.463182 
0.5 0.5 6 1 -0.427232 -0.117332 
10.5 0.5 -0.5 1 0.0181479 -0.356273 
10.5 0.5 6 1 -0.00327349 -0.0902493 
10.5 10.5 -0.5 1 0.367738 -0.449775 
10.5 10.5 6 1 0.320504 -0.0509019 
0.5 10.5 -0.5 1 -0.218697 -0.688227 
0.5 10.5 6 1 -0.250463 -0.0782319 
0.5 5.5 9.5 1 -0.370872 0.117475 
10.5 5.5 9.5 1 0.111509 0.0882233 
0.5 6.5 -0.5 1 -0.325723 -0.566359 
0.5 8.5 -0.5 1 -0.279365 -0.619146 
0.5 8.5 4.5 1 -0.298287 -0.206628 
0.5 6.5 4.5 1 -0.340658 -0.202658 
0.5 2.5 2 1 -0.396993 -0.34154 
0.5 4.5 2 1 -0.368464 -0.359145 
0.5 4.5 4.5 1 -0.374408 -0.199495 
0.5 2.5 4.5 1 -0.401926 -0.196917 
