0 0 0 1 0.292262 -0.347893 
0 0 6.5 1 0.255695 -0.00523978 
10 0 0 1 0.481064 -0.581494 
10 0 6.5 1 0.390077 0.125957 
10 10 0 1 -0.562483 -0.603178 
10 10 6.5 1 -0.555586 0.0357674 
0 10 0 1 -0.223237 -0.371614 
0 10 6.5 1 -0.234803 -0.0458258 
0 5 10 1 -0.00786977 0.141356 
10 5 10 1 -0.124704 0.392522 
0 6 0 1 -0.0239658 -0.362445 
0 8 0 1 -0.124705 -0.36708 
0 8 5 1 -0.137257 -0.11131 
0 6 5 1 -0.0402362 -0.104077 
0 2 2.5 1 0.172111 -0.218552 
0 4 2.5 1 0.0687952 -0.224806 
0 4 5 1 0.0589036 -0.0966852 
0 2 5 1 0.160232 -0.0891306 
0.5 0.5 -0.5 1 0.271878 -0.383326 
0.5 0.5 6 1 0.235329 -0.0298506 
10.5 0.5 -0.5 1 0.448244 -0.672601 
10.5 0.5 6 1 0.355563 0.0825483 
10.5 10.5 -0.5 1 -0.647566 -0.685014 
10.5 10.5 6 1 -0.632734 -0.00752281 
0.5 10.5 -0.5 1 -0.256059 -0.40568 
0.5 10.5 6 1 -0.266408 -0.070137 
0.5 5.5 9.5 1 -0.0338246 0.121709 
10.5 5.5 9.5 1 -0.181015 0.366568 
0.5 6.5 -0.5 1 -0.052171 -0.397047 
0.5 8.5 -0.5 1 -0.155274 -0.401412 
0.5 8.5 4.5 1 -0.167046 -0.137833 
0.5 6.5 4.5 1 -0.0678349 -0.130706 
0.5 2.5 2 1 0.149098 -0.249401 
0.5 4.5 2 1 0.04328 -0.25547 
0.5 4.5 4.5 1 0.0335994 -0.123419 
0.5 2.5 4.5 1 0.137333 -0.115966 
