0 0 0 1 0.262336 -0.135717 
0 0 6.5 1 0.248758 0.221842 
10 0 0 1 -0.0647344 -0.391992 
10 0 6.5 1 -0.120723 0.252186 
10 10 0 1 -0.564848 -0.24471 
10 10 6.5 1 -0.629489 0.169011 
0 10 0 1 -0.143227 -0.0978257 
0 10 6.5 1 -0.168983 0.175335 
0 5 10 1 -0.00105435 0.373546 
10 5 10 1 -0.472215 0.503794 
0 6 0 1 -0.00580772 -0.110665 
0 8 0 1 -0.0778497 -0.103934 
0 8 5 1 -0.0964787 0.114583 
0 6 5 1 -0.0231055 0.119131 
0 2 2.5 1 0.156283 -0.000549444 
0 4 2.5 1 0.0663237 0.00101605 
0 4 5 1 0.0584158 0.124185 
0 2 5 1 0.149522 0.129832 
0.5 0.5 -0.5 1 0.227719 -0.166692 
0.5 0.5 6 1 0.212352 0.190599 
10.5 0.5 -0.5 1 -0.129039 -0.449307 
10.5 0.5 6 1 -0.191466 0.193825 
10.5 10.5 -0.5 1 -0.608521 -0.281262 
10.5 10.5 6 1 -0.676018 0.132054 
0.5 10.5 -0.5 1 -0.170887 -0.121518 
0.5 10.5 6 1 -0.197769 0.151486 
0.5 5.5 9.5 1 -0.0340267 0.346417 
10.5 5.5 9.5 1 -0.530879 0.458336 
0.5 6.5 -0.5 1 -0.0358955 -0.136817 
0.5 8.5 -0.5 1 -0.106674 -0.128796 
0.5 8.5 4.5 1 -0.126237 0.0895844 
0.5 6.5 4.5 1 -0.0542133 0.0928273 
0.5 2.5 2 1 0.122711 -0.0298315 
0.5 4.5 2 1 0.0343103 -0.0266574 
0.5 4.5 4.5 1 0.0258336 0.0964315 
0.5 2.5 4.5 1 0.115324 0.100461 
