0 0 0 1 0.397801 -0.488928 
0 0 6.5 1 0.333039 0.0658734 
10 0 0 1 -0.263168 -0.427826 
10 0 6.5 1 -0.271591 -0.0269794 
10 10 0 1 0.021391 -0.319948 
10 10 6.5 1 0.00477528 -0.0590083 
0 10 0 1 0.46139 -0.32986 
0 10 6.5 1 0.420338 -0.0114565 
0 5 10 1 0.363328 0.215662 
10 5 10 1 -0.112646 0.112015 
0 6 0 1 0.443947 -0.373493 
0 8 0 1 0.453496 -0.349608 
0 8 5 1 0.41898 -0.0786511 
0 6 5 1 0.406397 -0.0743534 
0 2 2.5 1 0.393875 -0.246031 
0 4 2.5 1 0.411072 -0.231836 
0 4 5 1 0.391014 -0.0690993 
0 2 5 1 0.37178 -0.0625297 
0.5 0.5 -0.5 1 0.364153 -0.515643 
0.5 0.5 6 1 0.304915 0.0160485 
10.5 0.5 -0.5 1 -0.264016 -0.44929 
10.5 0.5 6 1 -0.272109 -0.060644 
10.5 10.5 -0.5 1 0.0142111 -0.336538 
10.5 10.5 6 1 -0.00176013 -0.0808127 
0.5 10.5 -0.5 1 0.440088 -0.349863 
0.5 10.5 6 1 0.40113 -0.0391852 
0.5 5.5 9.5 1 0.341899 0.174532 
10.5 5.5 9.5 1 -0.117214 0.0820312 
0.5 6.5 -0.5 1 0.418932 -0.396051 
0.5 8.5 -0.5 1 0.430482 -0.370835 
0.5 8.5 4.5 1 0.397892 -0.107145 
0.5 6.5 4.5 1 0.38368 -0.105747 
0.5 2.5 2 1 0.365457 -0.278861 
0.5 4.5 2 1 0.385137 -0.261587 
0.5 4.5 4.5 1 0.366419 -0.10405 
0.5 2.5 4.5 1 0.345013 -0.101945 
