0 0 0 1 0.257804 -0.0824767 
0 0 6.5 1 0.251915 0.282913 
10 0 0 1 -0.124848 -0.298448 
10 0 6.5 1 -0.178013 0.343209 
10 10 0 1 -0.558278 -0.157639 
10 10 6.5 1 -0.620106 0.243792 
0 10 0 1 -0.131946 -0.0402477 
0 10 6.5 1 -0.153887 0.232343 
0 5 10 1 0.00916843 0.435778 
10 5 10 1 -0.490756 0.583439 
0 6 0 1 -0.00179871 -0.0543491 
0 8 0 1 -0.0702686 -0.0469304 
0 8 5 1 -0.0856434 0.171575 
0 6 5 1 -0.0154327 0.176365 
0 2 2.5 1 0.15646 0.0551828 
0 4 2.5 1 0.0690846 0.0571213 
0 4 5 1 0.0632925 0.181735 
0 2 5 1 0.152181 0.187798 
0.5 0.5 -0.5 1 0.221306 -0.112381 
0.5 0.5 6 1 0.213191 0.251325 
10.5 0.5 -0.5 1 -0.188594 -0.350617 
10.5 0.5 6 1 -0.24887 0.285691 
10.5 10.5 -0.5 1 -0.598946 -0.190726 
10.5 10.5 6 1 -0.663555 0.208631 
0.5 10.5 -0.5 1 -0.159495 -0.0627225 
0.5 10.5 6 1 -0.182684 0.20893 
0.5 5.5 9.5 1 -0.0248138 0.408173 
10.5 5.5 9.5 1 -0.547201 0.537888 
0.5 6.5 -0.5 1 -0.0323431 -0.0793037 
0.5 8.5 -0.5 1 -0.0992377 -0.0705803 
0.5 8.5 4.5 1 -0.115666 0.147133 
0.5 6.5 4.5 1 -0.0471503 0.150526 
0.5 2.5 2 1 0.121462 0.026583 
0.5 4.5 2 1 0.0361394 0.0302223 
0.5 4.5 4.5 1 0.0296768 0.15433 
0.5 2.5 4.5 1 0.116425 0.158626 
