0 0 0 1 0.289271 -0.32942 
0 0 6.5 1 0.324378 0.0836485 
10 0 0 1 -0.378675 -0.292769 
10 0 6.5 1 -0.327197 0.164771 
10 10 0 1 -0.289124 -0.182456 
10 10 6.5 1 -0.259661 0.0870225 
0 10 0 1 0.114439 -0.211674 
0 10 6.5 1 0.137904 0.0417376 
0 5 10 1 0.22389 0.223527 
10 5 10 1 -0.265012 0.29467 
0 6 0 1 0.165125 -0.24581 
0 8 0 1 0.137652 -0.227307 
0 8 5 1 0.15705 -0.0154927 
0 6 5 1 0.186025 -0.014572 
0 2 2.5 1 0.251006 -0.152876 
0 4 2.5 1 0.209528 -0.14009 
0 4 5 1 0.220791 -0.0134673 
0 2 5 1 0.263279 -0.0121173 
0.5 0.5 -0.5 1 0.243362 -0.34996 
0.5 0.5 6 1 0.278375 0.0534205 
10.5 0.5 -0.5 1 -0.411285 -0.316537 
10.5 0.5 6 1 -0.360594 0.129148 
10.5 10.5 -0.5 1 -0.309941 -0.19836 
10.5 10.5 6 1 -0.280724 0.0669618 
0.5 10.5 -0.5 1 0.0887204 -0.226171 
0.5 10.5 6 1 0.112095 0.0235614 
0.5 5.5 9.5 1 0.190697 0.197907 
10.5 5.5 9.5 1 -0.291071 0.265605 
0.5 6.5 -0.5 1 0.13386 -0.262304 
0.5 8.5 -0.5 1 0.109425 -0.242744 
0.5 8.5 4.5 1 0.128747 -0.0342673 
0.5 6.5 4.5 1 0.154679 -0.0350387 
0.5 2.5 2 1 0.211212 -0.17491 
0.5 4.5 2 1 0.17447 -0.160206 
0.5 4.5 4.5 1 0.185692 -0.0359612 
0.5 2.5 4.5 1 0.223444 -0.0370842 
