0 0 0 1 -0.609253 -0.493081 
0 0 6.5 1 -0.566387 -0.0739766 
10 0 0 1 -0.126321 -0.39518 
10 0 6.5 1 -0.122343 -0.110543 
10 10 0 1 0.284536 -0.465026 
10 10 6.5 1 0.260291 -0.0735541 
0 10 0 1 -0.199714 -0.689147 
0 10 6.5 1 -0.181313 0.0121567 
0 5 10 1 -0.401267 0.202182 
10 5 10 1 0.0370353 0.0664461 
0 6 0 1 -0.417429 -0.584916 
0 8 0 1 -0.321981 -0.630612 
0 8 5 1 -0.29838 -0.14279 
0 6 5 1 -0.388727 -0.149985 
0 2 2.5 1 -0.539773 -0.333439 
0 4 2.5 1 -0.477666 -0.34481 
0 4 5 1 -0.462487 -0.155858 
0 2 5 1 -0.523844 -0.160744 
0.5 0.5 -0.5 1 -0.564857 -0.526599 
0.5 0.5 6 1 -0.525298 -0.103795 
10.5 0.5 -0.5 1 -0.0954753 -0.417568 
10.5 0.5 6 1 -0.0931329 -0.131215 
10.5 10.5 -0.5 1 0.328411 -0.496254 
10.5 10.5 6 1 0.300931 -0.101545 
0.5 10.5 -0.5 1 -0.121961 -0.747291 
0.5 10.5 6 1 -0.113174 -0.035715 
0.5 5.5 9.5 1 -0.352439 0.167989 
10.5 5.5 9.5 1 0.0699373 0.043757 
0.5 6.5 -0.5 1 -0.357633 -0.629857 
0.5 8.5 -0.5 1 -0.254375 -0.68131 
0.5 8.5 4.5 1 -0.236603 -0.187126 
0.5 6.5 4.5 1 -0.333536 -0.189849 
0.5 2.5 2 1 -0.492797 -0.368259 
0.5 4.5 2 1 -0.425997 -0.382994 
0.5 4.5 4.5 1 -0.412615 -0.192071 
0.5 2.5 4.5 1 -0.478358 -0.193917 
