0 0 0 1 -0.0383391 -0.0485495 
0 0 6.5 1 -0.0186436 0.203112 
10 0 0 1 0.365156 -0.110099 
10 0 6.5 1 0.402145 0.183689 
10 10 0 1 0.323556 -0.242543 
10 10 6.5 1 0.385337 0.259945 
0 10 0 1 -0.288568 -0.118118 
0 10 6.5 1 -0.269165 0.272498 
0 5 10 1 -0.104651 0.404187 
10 5 10 1 0.422632 0.424883 
0 6 0 1 -0.161802 -0.0828748 
0 8 0 1 -0.219006 -0.0987785 
0 8 5 1 -0.203548 0.169275 
0 6 5 1 -0.146133 0.161142 
0 2 2.5 1 -0.0656895 0.043964 
0 4 2.5 1 -0.106232 0.0409654 
0 4 5 1 -0.0983302 0.154371 
0 2 5 1 -0.057912 0.148646 
0.5 0.5 -0.5 1 -0.0305138 -0.0727971 
0.5 0.5 6 1 -0.0101154 0.184138 
10.5 0.5 -0.5 1 0.385315 -0.140253 
10.5 0.5 6 1 0.424055 0.16074 
10.5 10.5 -0.5 1 0.356447 -0.300886 
10.5 10.5 6 1 0.423368 0.22304 
0.5 10.5 -0.5 1 -0.285396 -0.158446 
0.5 10.5 6 1 -0.265108 0.245027 
0.5 5.5 9.5 1 -0.096545 0.386442 
10.5 5.5 9.5 1 0.45211 0.403698 
0.5 6.5 -0.5 1 -0.155471 -0.114787 
0.5 8.5 -0.5 1 -0.213895 -0.134419 
0.5 8.5 4.5 1 -0.197754 0.141466 
0.5 6.5 4.5 1 -0.139141 0.135704 
0.5 2.5 2 1 -0.057847 0.0198588 
0.5 4.5 2 1 -0.0988332 0.0147318 
0.5 4.5 4.5 1 -0.0906137 0.130933 
0.5 2.5 4.5 1 -0.0497743 0.126919 
