0 0 0 1 0.256381 -0.0303516 
0 0 6.5 1 0.263082 0.346363 
10 0 0 1 -0.198762 -0.196131 
10 0 6.5 1 -0.244763 0.438221 
10 10 0 1 -0.538615 -0.0611713 
10 10 6.5 1 -0.591167 0.323261 
0 10 0 1 -0.108758 0.0206654 
0 10 6.5 1 -0.122972 0.292544 
0 5 10 1 0.0336614 0.501448 
10 5 10 1 -0.496048 0.662947 
0 6 0 1 0.0106371 0.0039836 
0 8 0 1 -0.0524846 0.0128029 
0 8 5 1 -0.061575 0.231479 
0 6 5 1 0.00378313 0.236165 
0 2 2.5 1 0.163086 0.111833 
0 4 2.5 1 0.0800211 0.114877 
0 4 5 1 0.0780133 0.241487 
0 2 5 1 0.163054 0.247584 
0.5 0.5 -0.5 1 0.217268 -0.0587524 
0.5 0.5 6 1 0.221104 0.314287 
10.5 0.5 -0.5 1 -0.260377 -0.241959 
10.5 0.5 6 1 -0.313784 0.381915 
10.5 10.5 -0.5 1 -0.575436 -0.090146 
10.5 10.5 6 1 -0.630498 0.290438 
0.5 10.5 -0.5 1 -0.136229 -0.00020376 
0.5 10.5 6 1 -0.151824 0.269758 
0.5 5.5 9.5 1 -0.00168667 0.473217 
10.5 5.5 9.5 1 -0.548634 0.617546 
0.5 6.5 -0.5 1 -0.0205562 -0.0193623 
0.5 8.5 -0.5 1 -0.0816996 -0.0092353 
0.5 8.5 4.5 1 -0.0919817 0.207817 
0.5 6.5 4.5 1 -0.0287727 0.210989 
0.5 2.5 2 1 0.126125 0.0841944 
0.5 4.5 2 1 0.0457974 0.0890533 
0.5 4.5 4.5 1 0.0429852 0.214589 
0.5 2.5 4.5 1 0.125152 0.218712 
