0 0 0 1 0.236318 -0.397257 
0 0 6.5 1 0.211896 -0.0871597 
10 0 0 1 0.716893 -0.55186 
10 0 6.5 1 0.631136 -0.00664105 
10 10 0 1 -0.116925 -0.752909 
10 10 6.5 1 -0.129971 0.0183867 
0 10 0 1 -0.253697 -0.461534 
0 10 6.5 1 -0.25164 -0.0895113 
0 5 10 1 -0.00678485 0.0781577 
10 5 10 1 0.281214 0.295012 
0 6 0 1 -0.0359951 -0.432978 
0 8 0 1 -0.140676 -0.446709 
0 8 5 1 -0.144513 -0.167595 
0 6 5 1 -0.0445079 -0.16432 
0 2 2.5 1 0.143601 -0.280639 
0 4 2.5 1 0.0548234 -0.287806 
0 4 5 1 0.0486957 -0.161267 
0 2 5 1 0.135769 -0.158416 
0.5 0.5 -0.5 1 0.231159 -0.430623 
0.5 0.5 6 1 0.206195 -0.108177 
10.5 0.5 -0.5 1 0.739064 -0.623299 
10.5 0.5 6 1 0.64606 -0.0387392 
10.5 10.5 -0.5 1 -0.164768 -0.876686 
10.5 10.5 6 1 -0.172417 -0.0244422 
0.5 10.5 -0.5 1 -0.281153 -0.504618 
0.5 10.5 6 1 -0.277203 -0.114704 
0.5 5.5 9.5 1 -0.020609 0.0619034 
10.5 5.5 9.5 1 0.274744 0.279443 
0.5 6.5 -0.5 1 -0.0526379 -0.471613 
0.5 8.5 -0.5 1 -0.162336 -0.487457 
0.5 8.5 4.5 1 -0.165252 -0.195293 
0.5 6.5 4.5 1 -0.0606807 -0.190881 
0.5 2.5 2 1 0.135015 -0.310176 
0.5 4.5 2 1 0.0425885 -0.318678 
0.5 4.5 4.5 1 0.0365173 -0.18678 
0.5 2.5 4.5 1 0.127096 -0.182958 
