0 0 0 1 0.315353 -0.51086 
0 0 6.5 1 0.330126 -0.0572832 
10 0 0 1 -0.383156 -0.457694 
10 0 6.5 1 -0.329434 -0.00707802 
10 10 0 1 -0.230176 -0.323543 
10 10 6.5 1 -0.202884 -0.0559297 
0 10 0 1 0.182018 -0.354917 
0 10 6.5 1 0.195429 -0.0862487 
0 5 10 1 0.253534 0.0948814 
10 5 10 1 -0.232164 0.131853 
0 6 0 1 0.219663 -0.398945 
0 8 0 1 0.199159 -0.374965 
0 8 5 1 0.209973 -0.148038 
0 6 5 1 0.230866 -0.149712 
0 2 2.5 1 0.281631 -0.306315 
0 4 2.5 1 0.250486 -0.287525 
0 4 5 1 0.256147 -0.151739 
0 2 5 1 0.287359 -0.15424 
0.5 0.5 -0.5 1 0.269316 -0.531322 
0.5 0.5 6 1 0.286176 -0.0892063 
10.5 0.5 -0.5 1 -0.408724 -0.479714 
10.5 0.5 6 1 -0.355105 -0.0403928 
10.5 10.5 -0.5 1 -0.248125 -0.339042 
10.5 10.5 6 1 -0.220701 -0.0754453 
0.5 10.5 -0.5 1 0.156855 -0.369867 
0.5 10.5 6 1 0.170872 -0.105251 
0.5 5.5 9.5 1 0.222506 0.068072 
10.5 5.5 9.5 1 -0.253207 0.104283 
0.5 6.5 -0.5 1 0.188882 -0.415848 
0.5 8.5 -0.5 1 0.171466 -0.390844 
0.5 8.5 4.5 1 0.18285 -0.167674 
0.5 6.5 4.5 1 0.200796 -0.171142 
0.5 2.5 2 1 0.242692 -0.329182 
0.5 4.5 2 1 0.216319 -0.308432 
0.5 4.5 4.5 1 0.222427 -0.175323 
0.5 2.5 4.5 1 0.249005 -0.18046 
