0 0 0 1 0.292621 -0.316318 
0 0 6.5 1 0.254511 0.0264509 
10 0 0 1 0.429112 -0.54512 
10 0 6.5 1 0.341355 0.163203 
10 10 0 1 -0.575137 -0.557276 
10 10 6.5 1 -0.580593 0.054015 
0 10 0 1 -0.215103 -0.34013 
0 10 6.5 1 -0.231453 -0.0217692 
0 5 10 1 -0.0111765 0.168792 
10 5 10 1 -0.173234 0.418696 
0 6 0 1 -0.0216505 -0.331057 
0 8 0 1 -0.119883 -0.335664 
0 8 5 1 -0.13556 -0.0850419 
0 6 5 1 -0.0404994 -0.0767265 
0 2 2.5 1 0.171344 -0.1883 
0 4 2.5 1 0.0684606 -0.195241 
0 4 5 1 0.0575237 -0.0681518 
0 2 5 1 0.15865 -0.0593056 
0.5 0.5 -0.5 1 0.270879 -0.351412 
0.5 0.5 6 1 0.232719 0.00133153 
10.5 0.5 -0.5 1 0.389735 -0.633889 
10.5 0.5 6 1 0.300828 0.118369 
10.5 10.5 -0.5 1 -0.655984 -0.632808 
10.5 10.5 6 1 -0.655783 0.0108519 
0.5 10.5 -0.5 1 -0.247277 -0.373039 
0.5 10.5 6 1 -0.262774 -0.046101 
0.5 5.5 9.5 1 -0.0378919 0.148493 
10.5 5.5 9.5 1 -0.232471 0.390635 
0.5 6.5 -0.5 1 -0.0500922 -0.364809 
0.5 8.5 -0.5 1 -0.150257 -0.368989 
0.5 8.5 4.5 1 -0.165389 -0.11146 
0.5 6.5 4.5 1 -0.068523 -0.103361 
0.5 2.5 2 1 0.147265 -0.219039 
0.5 4.5 2 1 0.0422314 -0.225653 
0.5 4.5 4.5 1 0.0314357 -0.0950029 
0.5 2.5 4.5 1 0.134637 -0.0863738 
