0 0 0 1 0.278869 -0.288822 
0 0 6.5 1 0.320177 0.112799 
10 0 0 1 -0.375957 -0.268792 
10 0 6.5 1 -0.330233 0.201199 
10 10 0 1 -0.318921 -0.144243 
10 10 6.5 1 -0.29202 0.131183 
0 10 0 1 0.0843658 -0.167988 
0 10 6.5 1 0.109686 0.0824537 
0 5 10 1 0.207455 0.260889 
10 5 10 1 -0.287808 0.344901 
0 6 0 1 0.141491 -0.203477 
0 8 0 1 0.110604 -0.184288 
0 8 5 1 0.131705 0.023933 
0 6 5 1 0.164524 0.0231886 
0 2 2.5 1 0.237297 -0.116676 
0 4 2.5 1 0.191046 -0.102179 
0 4 5 1 0.203736 0.0222991 
0 2 5 1 0.251411 0.0212177 
0.5 0.5 -0.5 1 0.23317 -0.30861 
0.5 0.5 6 1 0.273388 0.083816 
10.5 0.5 -0.5 1 -0.411909 -0.292371 
10.5 0.5 6 1 -0.367535 0.165077 
10.5 10.5 -0.5 1 -0.341127 -0.16017 
10.5 10.5 6 1 -0.314699 0.1109 
0.5 10.5 -0.5 1 0.0583892 -0.182159 
0.5 10.5 6 1 0.0832934 0.0646764 
0.5 5.5 9.5 1 0.173275 0.235889 
10.5 5.5 9.5 1 -0.316428 0.315161 
0.5 6.5 -0.5 1 0.110033 -0.219522 
0.5 8.5 -0.5 1 0.0821422 -0.199343 
0.5 8.5 4.5 1 0.102868 0.00564065 
0.5 6.5 4.5 1 0.13262 0.00331238 
0.5 2.5 2 1 0.197216 -0.137889 
0.5 4.5 2 1 0.155641 -0.121632 
0.5 4.5 4.5 1 0.168062 0.000538892 
0.5 2.5 4.5 1 0.210997 -0.00282101 
