0 0 0 1 -0.590341 -0.475928 
0 0 6.5 1 -0.554273 -0.0685013 
10 0 0 1 -0.112659 -0.382904 
10 0 6.5 1 -0.112111 -0.101555 
10 10 0 1 0.288544 -0.447613 
10 10 6.5 1 0.260748 -0.0571795 
0 10 0 1 -0.215354 -0.657691 
0 10 6.5 1 -0.201738 0.027209 
0 5 10 1 -0.405163 0.20609 
10 5 10 1 0.0405154 0.0775005 
0 6 0 1 -0.415285 -0.560781 
0 8 0 1 -0.327798 -0.603188 
0 8 5 1 -0.308784 -0.127841 
0 6 5 1 -0.391607 -0.137403 
0 2 2.5 1 -0.528324 -0.319734 
0 4 2.5 1 -0.47169 -0.329241 
0 4 5 1 -0.459019 -0.145185 
0 2 5 1 -0.514955 -0.151643 
0.5 0.5 -0.5 1 -0.547407 -0.508426 
0.5 0.5 6 1 -0.514386 -0.0970466 
10.5 0.5 -0.5 1 -0.0818999 -0.404912 
10.5 0.5 6 1 -0.0829503 -0.12167 
10.5 10.5 -0.5 1 0.333226 -0.47871 
10.5 10.5 6 1 0.302138 -0.0846303 
0.5 10.5 -0.5 1 -0.13895 -0.714807 
0.5 10.5 6 1 -0.134491 -0.0187651 
0.5 5.5 9.5 1 -0.357372 0.173595 
10.5 5.5 9.5 1 0.073652 0.0554894 
0.5 6.5 -0.5 1 -0.357023 -0.604622 
0.5 8.5 -0.5 1 -0.261681 -0.652795 
0.5 8.5 4.5 1 -0.248161 -0.170571 
0.5 6.5 4.5 1 -0.337652 -0.175776 
0.5 2.5 2 1 -0.482729 -0.353369 
0.5 4.5 2 1 -0.421413 -0.366177 
0.5 4.5 4.5 1 -0.410416 -0.180007 
0.5 2.5 4.5 1 -0.47074 -0.183515 
