0 0 0 1 -0.272886 -0.379357 
0 0 6.5 1 -0.289684 0.27604 
10 0 0 1 -0.248282 -0.0993751 
10 0 6.5 1 -0.25479 0.236994 
10 10 0 1 0.22036 -0.0837542 
10 10 6.5 1 0.242454 0.218811 
0 10 0 1 0.562261 -0.303283 
0 10 6.5 1 0.641197 0.234751 
0 5 10 1 0.251689 0.635613 
10 5 10 1 0.0128913 0.416112 
0 6 0 1 0.265406 -0.330323 
0 8 0 1 0.419147 -0.316319 
0 8 5 1 0.468303 0.101804 
0 6 5 1 0.302744 0.103458 
0 2 2.5 1 -0.0757442 -0.13817 
0 4 2.5 1 0.110995 -0.130151 
0 4 5 1 0.123225 0.105252 
0 2 5 1 -0.0720992 0.107204 
0.5 0.5 -0.5 1 -0.222255 -0.391227 
0.5 0.5 6 1 -0.231419 0.216621 
10.5 0.5 -0.5 1 -0.222113 -0.114998 
10.5 0.5 6 1 -0.226714 0.208484 
10.5 10.5 -0.5 1 0.229965 -0.0983704 
10.5 10.5 6 1 0.25191 0.193729 
0.5 10.5 -0.5 1 0.561092 -0.317172 
0.5 10.5 6 1 0.635364 0.188456 
0.5 5.5 9.5 1 0.271116 0.554334 
10.5 5.5 9.5 1 0.0311263 0.38199 
0.5 6.5 -0.5 1 0.280704 -0.343679 
0.5 8.5 -0.5 1 0.425646 -0.329977 
0.5 8.5 4.5 1 0.472467 0.0626851 
0.5 6.5 4.5 1 0.317076 0.0627525 
0.5 2.5 2 1 -0.0372286 -0.165182 
0.5 4.5 2 1 0.13681 -0.156624 
0.5 4.5 4.5 1 0.149404 0.0628253 
0.5 2.5 4.5 1 -0.0320635 0.062904 
