0 0 0 1 -0.486054 -0.341376 
0 0 6.5 1 -0.47027 0.292073 
10 0 0 1 -0.252927 -0.117937 
10 0 6.5 1 -0.236114 0.20448 
10 10 0 1 0.232985 -0.155478 
10 10 6.5 1 0.268263 0.162965 
0 10 0 1 0.455766 -0.410608 
0 10 6.5 1 0.543488 0.207554 
0 5 10 1 0.0722923 0.62819 
10 5 10 1 0.031982 0.366589 
0 6 0 1 0.0823657 -0.38316 
0 8 0 1 0.269614 -0.396924 
0 8 5 1 0.325308 0.072567 
0 6 5 1 0.127317 0.0885966 
0 2 2.5 1 -0.284252 -0.124001 
0 4 2.5 1 -0.0894336 -0.139027 
0 4 5 1 -0.0719108 0.104726 
0 2 5 1 -0.272388 0.120957 
0.5 0.5 -0.5 1 -0.420242 -0.366993 
0.5 0.5 6 1 -0.400474 0.23 
10.5 0.5 -0.5 1 -0.224481 -0.137428 
10.5 0.5 6 1 -0.207069 0.175295 
10.5 10.5 -0.5 1 0.248297 -0.173827 
10.5 10.5 6 1 0.283171 0.135148 
0.5 10.5 -0.5 1 0.473455 -0.432399 
0.5 10.5 6 1 0.557744 0.15095 
0.5 5.5 9.5 1 0.11381 0.545109 
10.5 5.5 9.5 1 0.0539325 0.332337 
0.5 6.5 -0.5 1 0.118975 -0.406456 
0.5 8.5 -0.5 1 0.296709 -0.419464 
0.5 8.5 4.5 1 0.35094 0.0238897 
0.5 6.5 4.5 1 0.163556 0.0389231 
0.5 2.5 2 1 -0.227358 -0.161552 
0.5 4.5 2 1 -0.0428157 -0.17569 
0.5 4.5 4.5 1 -0.0249372 0.0540455 
0.5 2.5 4.5 1 -0.214549 0.0692577 
