0 0 0 1 0.15872 -0.40885 
0 0 6.5 1 0.15781 -0.114881 
10 0 0 1 0.647692 -0.545441 
10 0 6.5 1 0.606388 -0.0818554 
10 10 0 1 0.0846224 -0.738794 
10 10 6.5 1 0.091816 0.00337755 
0 10 0 1 -0.286176 -0.463898 
0 10 6.5 1 -0.256718 -0.0782921 
0 5 10 1 -0.0173833 0.0646268 
10 5 10 1 0.391129 0.21435 
0 6 0 1 -0.0778482 -0.438121 
0 8 0 1 -0.175729 -0.450232 
0 8 5 1 -0.159627 -0.166772 
0 6 5 1 -0.0673164 -0.170593 
0 2 2.5 1 0.0891063 -0.2947 
0 4 2.5 1 0.0125732 -0.297717 
0 4 5 1 0.0155099 -0.174021 
0 2 5 1 0.0902421 -0.177114 
0.5 0.5 -0.5 1 0.15731 -0.440212 
0.5 0.5 6 1 0.156447 -0.134462 
10.5 0.5 -0.5 1 0.674119 -0.604314 
10.5 0.5 6 1 0.628325 -0.110785 
10.5 10.5 -0.5 1 0.0734075 -0.857463 
10.5 10.5 6 1 0.0827553 -0.0354736 
0.5 10.5 -0.5 1 -0.309592 -0.508478 
0.5 10.5 6 1 -0.277126 -0.102343 
0.5 5.5 9.5 1 -0.0254665 0.0498706 
10.5 5.5 9.5 1 0.403207 0.199192 
0.5 6.5 -0.5 1 -0.0896003 -0.476313 
0.5 8.5 -0.5 1 -0.192661 -0.491381 
0.5 8.5 4.5 1 -0.174971 -0.193569 
0.5 6.5 4.5 1 -0.0780548 -0.196035 
0.5 2.5 2 1 0.0850621 -0.322714 
0.5 4.5 2 1 0.00530076 -0.32738 
0.5 4.5 4.5 1 0.00852203 -0.198237 
0.5 2.5 4.5 1 0.0863301 -0.200216 
