0 0 0 1 0.256268 -0.231817 
0 0 6.5 1 0.298438 0.143568 
10 0 0 1 -0.346051 -0.303684 
10 0 6.5 1 -0.332031 0.200563 
10 10 0 1 -0.401505 -0.11114 
10 10 6.5 1 -0.395696 0.188536 
0 10 0 1 0.00654489 -0.0954089 
0 10 6.5 1 0.0253929 0.153513 
0 5 10 1 0.1485 0.321351 
10 5 10 1 -0.367437 0.412217 
0 6 0 1 0.083028 -0.137187 
0 8 0 1 0.0420159 -0.114784 
0 8 5 1 0.0584721 0.0887912 
0 6 5 1 0.102058 0.0820913 
0 2 2.5 1 0.200838 -0.0671112 
0 4 2.5 1 0.141951 -0.0465197 
0 4 5 1 0.153275 0.0742186 
0 2 5 1 0.214318 0.0648355 
0.5 0.5 -0.5 1 0.21248 -0.25131 
0.5 0.5 6 1 0.25164 0.116511 
10.5 0.5 -0.5 1 -0.390856 -0.327948 
10.5 0.5 6 1 -0.380304 0.162731 
10.5 10.5 -0.5 1 -0.427682 -0.128256 
10.5 10.5 6 1 -0.423025 0.166598 
0.5 10.5 -0.5 1 -0.0198569 -0.109898 
0.5 10.5 6 1 -0.00212183 0.135688 
0.5 5.5 9.5 1 0.11275 0.296947 
10.5 5.5 9.5 1 -0.403429 0.379735 
0.5 6.5 -0.5 1 0.0515792 -0.153378 
0.5 8.5 -0.5 1 0.0133041 -0.130081 
0.5 8.5 4.5 1 0.0287601 0.0705906 
0.5 6.5 4.5 1 0.0694138 0.0625332 
0.5 2.5 2 1 0.161194 -0.0876656 
0.5 4.5 2 1 0.106499 -0.0656182 
0.5 4.5 4.5 1 0.117083 0.0530852 
0.5 2.5 4.5 1 0.173755 0.041853 
