0 0 0 1 0.292619 -0.307957 
0 0 6.5 1 0.254169 0.0350766 
10 0 0 1 0.411625 -0.538174 
10 0 6.5 1 0.325053 0.170923 
10 10 0 1 -0.578571 -0.546253 
10 10 6.5 1 -0.588113 0.0565592 
0 10 0 1 -0.212429 -0.331441 
0 10 6.5 1 -0.230251 -0.0153264 
0 5 10 1 -0.0121443 0.176316 
10 5 10 1 -0.188936 0.423615 
0 6 0 1 -0.0209138 -0.322536 
0 8 0 1 -0.118303 -0.327064 
0 8 5 1 -0.134926 -0.0779948 
0 6 5 1 -0.0405246 -0.0693957 
0 2 2.5 1 0.171063 -0.180235 
0 4 2.5 1 0.0683478 -0.187329 
0 4 5 1 0.0571122 -0.0605017 
0 2 5 1 0.158154 -0.0512976 
0.5 0.5 -0.5 1 0.270419 -0.343006 
0.5 0.5 6 1 0.231894 0.00971119 
10.5 0.5 -0.5 1 0.37017 -0.626428 
10.5 0.5 6 1 0.282565 0.125309 
10.5 10.5 -0.5 1 -0.657967 -0.620017 
10.5 10.5 6 1 -0.662565 0.0132678 
0.5 10.5 -0.5 1 -0.244389 -0.364029 
0.5 10.5 6 1 -0.261475 -0.039718 
0.5 5.5 9.5 1 -0.0391098 0.155736 
10.5 5.5 9.5 1 -0.249038 0.394629 
0.5 6.5 -0.5 1 -0.049429 -0.356067 
0.5 8.5 -0.5 1 -0.148609 -0.360117 
0.5 8.5 4.5 1 -0.164764 -0.104436 
0.5 6.5 4.5 1 -0.0686841 -0.0960926 
0.5 2.5 2 1 0.146629 -0.211005 
0.5 4.5 2 1 0.0418848 -0.217722 
0.5 4.5 4.5 1 0.0307666 -0.0874568 
0.5 2.5 4.5 1 0.133769 -0.0785126 
