0 0 0 1 0.277258 -0.231151 
0 0 6.5 1 0.250592 0.11815 
10 0 0 1 0.072211 -0.548029 
10 0 6.5 1 0.0102465 0.120002 
10 10 0 1 -0.574225 -0.41102 
10 10 6.5 1 -0.636691 0.0426222 
0 10 0 1 -0.16119 -0.208684 
0 10 6.5 1 -0.191126 0.0714172 
0 5 10 1 -0.0108637 0.265271 
10 5 10 1 -0.413459 0.382273 
0 6 0 1 -0.00813276 -0.216527 
0 8 0 1 -0.0877761 -0.212446 
0 8 5 1 -0.110501 0.0108547 
0 6 5 1 -0.0305402 0.0163353 
0 2 2.5 1 0.162758 -0.0996129 
0 4 2.5 1 0.0676899 -0.100356 
0 4 5 1 0.0566267 0.0223099 
0 2 5 1 0.15202 0.0288483 
0.5 0.5 -0.5 1 0.246343 -0.264598 
0.5 0.5 6 1 0.218641 0.0874423 
10.5 0.5 -0.5 1 0.00861026 -0.618665 
10.5 0.5 6 1 -0.0577074 0.0593864 
10.5 10.5 -0.5 1 -0.625813 -0.457163 
10.5 10.5 6 1 -0.690801 0.00108504 
0.5 10.5 -0.5 1 -0.189518 -0.235359 
0.5 10.5 6 1 -0.220257 0.0465003 
0.5 5.5 9.5 1 -0.0419834 0.239017 
10.5 5.5 9.5 1 -0.476051 0.337002 
0.5 6.5 -0.5 1 -0.0375567 -0.245553 
0.5 8.5 -0.5 1 -0.116656 -0.240246 
0.5 8.5 4.5 1 -0.140027 -0.0154953 
0.5 6.5 4.5 1 -0.0606454 -0.0111125 
0.5 2.5 2 1 0.13193 -0.130519 
0.5 4.5 2 1 0.0373822 -0.129876 
0.5 4.5 4.5 1 0.0259566 -0.00633107 
0.5 2.5 4.5 1 0.120811 -0.00109403 
