0 0 0 1 0.0334988 -0.249681 
0 0 6.5 1 0.0583527 0.00845149 
10 0 0 1 0.463358 -0.357612 
10 0 6.5 1 0.490428 -0.0177696 
10 10 0 1 0.260257 -0.535669 
10 10 6.5 1 0.310939 0.0486174 
0 10 0 1 -0.299657 -0.314443 
0 10 6.5 1 -0.258548 0.0639201 
0 5 10 1 -0.0539121 0.193291 
10 5 10 1 0.442709 0.232428 
0 6 0 1 -0.134825 -0.282401 
0 8 0 1 -0.210175 -0.297048 
0 8 5 1 -0.182044 -0.0299947 
0 6 5 1 -0.109597 -0.036376 
0 2 2.5 1 -0.00448988 -0.152394 
0 4 2.5 1 -0.0590338 -0.15537 
0 4 5 1 -0.0476628 -0.0418312 
0 2 5 1 0.00589215 -0.0465484 
0.5 0.5 -0.5 1 0.0366601 -0.27682 
0.5 0.5 6 1 0.0622092 -0.0108625 
10.5 0.5 -0.5 1 0.48442 -0.397877 
10.5 0.5 6 1 0.512257 -0.0443415 
10.5 10.5 -0.5 1 0.283485 -0.619493 
10.5 10.5 6 1 0.337069 0.00647213 
0.5 10.5 -0.5 1 -0.309614 -0.357719 
0.5 10.5 6 1 -0.266573 0.0376977 
0.5 5.5 9.5 1 -0.0532332 0.17679 
10.5 5.5 9.5 1 0.467941 0.211105 
0.5 6.5 -0.5 1 -0.137083 -0.317411 
0.5 8.5 -0.5 1 -0.215656 -0.335768 
0.5 8.5 4.5 1 -0.186352 -0.0577119 
0.5 6.5 4.5 1 -0.110914 -0.0620784 
0.5 2.5 2 1 -0.00231698 -0.178257 
0.5 4.5 2 1 -0.0585448 -0.183282 
0.5 4.5 4.5 1 -0.0467925 -0.0657899 
0.5 2.5 4.5 1 0.00838169 -0.0689835 
