0 0 0 1 -0.376015 -0.396497 
0 0 6.5 1 -0.380668 0.244663 
10 0 0 1 -0.251139 -0.119819 
10 0 6.5 1 -0.246407 0.208481 
10 10 0 1 0.226473 -0.129247 
10 10 6.5 1 0.256069 0.178606 
0 10 0 1 0.516784 -0.384443 
0 10 6.5 1 0.603271 0.182861 
0 5 10 1 0.171314 0.59304 
10 5 10 1 0.0231957 0.378898 
0 6 0 1 0.183456 -0.388943 
0 8 0 1 0.35374 -0.386644 
0 8 5 1 0.407543 0.0495727 
0 6 5 1 0.224938 0.0575511 
0 2 2.5 1 -0.174626 -0.169013 
0 4 2.5 1 0.0188484 -0.171706 
0 4 5 1 0.0333591 0.0659215 
0 2 5 1 -0.167871 0.0747137 
0.5 0.5 -0.5 1 -0.317206 -0.412239 
0.5 0.5 6 1 -0.315233 0.186425 
10.5 0.5 -0.5 1 -0.223783 -0.136582 
10.5 0.5 6 1 -0.217718 0.180273 
10.5 10.5 -0.5 1 0.238572 -0.144798 
10.5 10.5 6 1 0.267892 0.152963 
0.5 10.5 -0.5 1 0.523539 -0.39922 
0.5 10.5 6 1 0.605778 0.134554 
0.5 5.5 9.5 1 0.201496 0.512963 
10.5 5.5 9.5 1 0.0431906 0.345291 
0.5 6.5 -0.5 1 0.20844 -0.4041 
0.5 8.5 -0.5 1 0.369232 -0.40161 
0.5 8.5 4.5 1 0.421129 0.00881138 
0.5 6.5 4.5 1 0.249402 0.015407 
0.5 2.5 2 1 -0.126671 -0.198262 
0.5 4.5 2 1 0.0547025 -0.200151 
0.5 4.5 4.5 1 0.069735 0.0223075 
0.5 2.5 4.5 1 -0.118435 0.0295345 
