0 0 0 1 0.289096 -0.416162 
0 0 6.5 1 0.256818 -0.0715302 
10 0 0 1 0.562689 -0.683328 
10 0 6.5 1 0.468331 0.0282006 
10 10 0 1 -0.53483 -0.720021 
10 10 6.5 1 -0.507644 -0.025746 
0 10 0 1 -0.238188 -0.438268 
0 10 6.5 1 -0.240705 -0.0976832 
0 5 10 1 -0.00233092 0.0843579 
10 5 10 1 -0.0413643 0.318886 
0 6 0 1 -0.0293387 -0.429512 
0 8 0 1 -0.134103 -0.433904 
0 8 5 1 -0.140586 -0.167881 
0 6 5 1 -0.0404012 -0.16285 
0 2 2.5 1 0.171826 -0.283668 
0 4 2.5 1 0.0680858 -0.288457 
0 4 5 1 0.0604107 -0.157787 
0 2 5 1 0.161856 -0.152693 
0.5 0.5 -0.5 1 0.270894 -0.452837 
0.5 0.5 6 1 0.238733 -0.0960466 
10.5 0.5 -0.5 1 0.541488 -0.781046 
10.5 0.5 6 1 0.444042 -0.0158076 
10.5 10.5 -0.5 1 -0.626403 -0.816637 
10.5 10.5 6 1 -0.587182 -0.0714625 
0.5 10.5 -0.5 1 -0.272106 -0.475002 
0.5 10.5 6 1 -0.272758 -0.122563 
0.5 5.5 9.5 1 -0.0269914 0.065133 
10.5 5.5 9.5 1 -0.0918283 0.294086 
0.5 6.5 -0.5 1 -0.0570966 -0.466225 
0.5 8.5 -0.5 1 -0.164962 -0.470628 
0.5 8.5 4.5 1 -0.170255 -0.195218 
0.5 6.5 4.5 1 -0.0672389 -0.190127 
0.5 2.5 2 1 0.150577 -0.31539 
0.5 4.5 2 1 0.0437957 -0.320218 
0.5 4.5 4.5 1 0.0364414 -0.185004 
0.5 2.5 4.5 1 0.140792 -0.179848 
