0 0 0 1 0.357743 -0.671256 
0 0 6.5 1 0.345925 -0.16381 
10 0 0 1 -0.366751 -0.596663 
10 0 6.5 1 -0.322297 -0.140149 
10 10 0 1 -0.163089 -0.432688 
10 10 6.5 1 -0.145302 -0.159709 
0 10 0 1 0.263165 -0.465288 
0 10 6.5 1 0.260852 -0.174862 
0 5 10 1 0.290037 0.00973071 
10 5 10 1 -0.199683 0.0157758 
0 6 0 1 0.289248 -0.52209 
0 8 0 1 0.274983 -0.491025 
0 8 5 1 0.272525 -0.243645 
0 6 5 1 0.285888 -0.24885 
0 2 2.5 1 0.325618 -0.430709 
0 4 2.5 1 0.304432 -0.40375 
0 4 5 1 0.302179 -0.255195 
0 2 5 1 0.322478 -0.263102 
0.5 0.5 -0.5 1 0.312001 -0.69099 
0.5 0.5 6 1 0.304265 -0.198086 
10.5 0.5 -0.5 1 -0.385484 -0.616892 
10.5 0.5 6 1 -0.340936 -0.172145 
10.5 10.5 -0.5 1 -0.178251 -0.448001 
10.5 10.5 6 1 -0.160088 -0.17925 
0.5 10.5 -0.5 1 0.238542 -0.480863 
0.5 10.5 6 1 0.237471 -0.195224 
0.5 5.5 9.5 1 0.261066 -0.0191774 
10.5 5.5 9.5 1 -0.216201 -0.0114009 
0.5 6.5 -0.5 1 0.259021 -0.539442 
0.5 8.5 -0.5 1 0.247842 -0.507465 
0.5 8.5 4.5 1 0.246552 -0.264605 
0.5 6.5 4.5 1 0.257102 -0.271712 
0.5 2.5 2 1 0.28776 -0.454511 
0.5 4.5 2 1 0.271272 -0.425651 
0.5 4.5 4.5 1 0.269905 -0.280336 
0.5 2.5 4.5 1 0.285768 -0.291022 
