0 0 0 1 0.256599 -0.140251 
0 0 6.5 1 0.290701 0.233725 
10 0 0 1 -0.307787 -0.253207 
10 0 6.5 1 -0.316349 0.288633 
10 10 0 1 -0.447973 -0.0680705 
10 10 6.5 1 -0.461389 0.256062 
0 10 0 1 -0.0327123 -0.0291783 
0 10 6.5 1 -0.0235718 0.226386 
0 5 10 1 0.112773 0.407526 
10 5 10 1 -0.416134 0.513235 
0 6 0 1 0.0579196 -0.0639738 
0 8 0 1 0.00954911 -0.0454033 
0 8 5 1 0.0186188 0.16205 
0 6 5 1 0.0696749 0.158325 
0 2 2.5 1 0.188822 0.0160973 
0 4 2.5 1 0.121268 0.0316566 
0 4 5 1 0.129043 0.153995 
0 2 5 1 0.198932 0.148896 
0.5 0.5 -0.5 1 0.213898 -0.162648 
0.5 0.5 6 1 0.244555 0.204636 
10.5 0.5 -0.5 1 -0.358391 -0.2831 
10.5 0.5 6 1 -0.371968 0.244741 
10.5 10.5 -0.5 1 -0.477087 -0.088241 
10.5 10.5 6 1 -0.492084 0.230877 
0.5 10.5 -0.5 1 -0.0595002 -0.0455449 
0.5 10.5 6 1 -0.0516995 0.206895 
0.5 5.5 9.5 1 0.0765376 0.38143 
10.5 5.5 9.5 1 -0.45727 0.476075 
0.5 6.5 -0.5 1 0.0263853 -0.0823319 
0.5 8.5 -0.5 1 -0.0194248 -0.0627102 
0.5 8.5 4.5 1 -0.0115487 0.142058 
0.5 6.5 4.5 1 0.0367252 0.136884 
0.5 2.5 2 1 0.149581 -0.00679353 
0.5 4.5 2 1 0.085866 0.0103955 
0.5 4.5 4.5 1 0.0927688 0.130877 
0.5 2.5 4.5 1 0.158622 0.123818 
