0 0 0 1 -0.702569 -0.597802 
0 0 6.5 1 -0.626902 -0.108282 
10 0 0 1 -0.198894 -0.446295 
10 0 6.5 1 -0.176762 -0.145149 
10 10 0 1 0.256888 -0.547286 
10 10 6.5 1 0.255556 -0.155488 
0 10 0 1 -0.0856997 -0.893216 
0 10 6.5 1 -0.0460126 -0.108366 
0 5 10 1 -0.365619 0.170114 
10 5 10 1 0.0195797 0.0180649 
0 6 0 1 -0.404399 -0.740594 
0 8 0 1 -0.262206 -0.808689 
0 8 5 1 -0.218342 -0.255743 
0 6 5 1 -0.353067 -0.242544 
0 2 2.5 1 -0.589257 -0.422595 
0 4 2.5 1 -0.492474 -0.449391 
0 4 5 1 -0.465677 -0.231511 
0 2 5 1 -0.561203 -0.222152 
0.5 0.5 -0.5 1 -0.648791 -0.635341 
0.5 0.5 6 1 -0.577866 -0.145612 
10.5 0.5 -0.5 1 -0.167867 -0.469869 
10.5 0.5 6 1 -0.147387 -0.168619 
10.5 10.5 -0.5 1 0.294883 -0.577367 
10.5 10.5 6 1 0.291098 -0.185432 
0.5 10.5 -0.5 1 -0.00592805 -0.950242 
0.5 10.5 6 1 0.0236701 -0.16527 
0.5 5.5 9.5 1 -0.311046 0.125434 
10.5 5.5 9.5 1 0.0507873 -0.00812832 
0.5 6.5 -0.5 1 -0.337456 -0.787846 
0.5 8.5 -0.5 1 -0.189381 -0.860379 
0.5 8.5 4.5 1 -0.152227 -0.307401 
0.5 6.5 4.5 1 -0.291825 -0.289714 
0.5 2.5 2 1 -0.533898 -0.462887 
0.5 4.5 2 1 -0.433113 -0.492903 
0.5 4.5 4.5 1 -0.408664 -0.274911 
0.5 2.5 4.5 1 -0.50789 -0.262339 
