0 0 0 1 0.26132 -0.260896 
0 0 6.5 1 0.30581 0.122285 
10 0 0 1 -0.362855 -0.297125 
10 0 6.5 1 -0.335613 0.194546 
10 10 0 1 -0.37308 -0.122499 
10 10 6.5 1 -0.357587 0.167137 
0 10 0 1 0.032626 -0.123391 
0 10 6.5 1 0.0556026 0.124856 
0 5 10 1 0.170436 0.293485 
10 5 10 1 -0.338301 0.384344 
0 6 0 1 0.101595 -0.16486 
0 8 0 1 0.0644967 -0.142554 
0 8 5 1 0.0840604 0.0616598 
0 6 5 1 0.12359 0.0559843 
0 2 2.5 1 0.21189 -0.0923678 
0 4 2.5 1 0.157691 -0.0723247 
0 4 5 1 0.170347 0.0492709 
0 2 5 1 0.226514 0.0412065 
0.5 0.5 -0.5 1 0.216735 -0.279754 
0.5 0.5 6 1 0.258722 0.0952531 
10.5 0.5 -0.5 1 -0.404476 -0.32017 
10.5 0.5 6 1 -0.379868 0.158125 
10.5 10.5 -0.5 1 -0.397758 -0.138731 
10.5 10.5 6 1 -0.38317 0.146219 
0.5 10.5 -0.5 1 0.00636441 -0.137376 
0.5 10.5 6 1 0.0284324 0.10742 
0.5 5.5 9.5 1 0.135075 0.269317 
10.5 5.5 9.5 1 -0.371552 0.353366 
0.5 6.5 -0.5 1 0.0701032 -0.180514 
0.5 8.5 -0.5 1 0.03585 -0.157332 
0.5 8.5 4.5 1 0.0545938 0.0438464 
0.5 6.5 4.5 1 0.0911148 0.0367831 
0.5 2.5 2 1 0.171956 -0.112523 
0.5 4.5 2 1 0.12216 -0.0910018 
0.5 4.5 4.5 1 0.134208 0.0284487 
0.5 2.5 4.5 1 0.185822 0.0184663 
