0 0 0 1 0.285154 -0.309121 
0 0 6.5 1 0.323092 0.0990328 
10 0 0 1 -0.377618 -0.277835 
10 0 6.5 1 -0.328038 0.184334 
10 10 0 1 -0.300891 -0.164014 
10 10 6.5 1 -0.272136 0.107551 
0 10 0 1 0.102316 -0.191632 
0 10 6.5 1 0.12679 0.0603397 
0 5 10 1 0.217699 0.241183 
10 5 10 1 -0.273479 0.318145 
0 6 0 1 0.155594 -0.225868 
0 8 0 1 0.126744 -0.207329 
0 8 5 1 0.14704 0.00284337 
0 6 5 1 0.177575 0.00332458 
0 2 2.5 1 0.245636 -0.134894 
0 4 2.5 1 0.202202 -0.121755 
0 4 5 1 0.214154 0.00390104 
0 2 5 1 0.25877 0.00460415 
0.5 0.5 -0.5 1 0.239299 -0.329397 
0.5 0.5 6 1 0.276732 0.0692715 
10.5 0.5 -0.5 1 -0.411582 -0.301608 
10.5 0.5 6 1 -0.362998 0.148437 
10.5 10.5 -0.5 1 -0.322268 -0.17994 
10.5 10.5 6 1 -0.293848 0.0873944 
0.5 10.5 -0.5 1 0.0764872 -0.206001 
0.5 10.5 6 1 0.100737 0.0423244 
0.5 5.5 9.5 1 0.184091 0.215804 
10.5 5.5 9.5 1 -0.300561 0.288791 
0.5 6.5 -0.5 1 0.124239 -0.242192 
0.5 8.5 -0.5 1 0.0984132 -0.222619 
0.5 8.5 4.5 1 0.118511 -0.0157406 
0.5 6.5 4.5 1 0.14599 -0.0169123 
0.5 2.5 2 1 0.2057 -0.156621 
0.5 4.5 2 1 0.166986 -0.141619 
0.5 4.5 4.5 1 0.178804 -0.0183115 
0.5 2.5 4.5 1 0.218674 -0.0200116 
