0 0 0 1 0.218455 -0.451241 
0 0 6.5 1 0.167928 0.176349 
10 0 0 1 -0.227742 -0.262154 
10 0 6.5 1 -0.268022 0.0969423 
10 10 0 1 0.143359 -0.146069 
10 10 6.5 1 0.120948 0.120125 
0 10 0 1 0.590458 -0.210301 
0 10 6.5 1 0.570241 0.179501 
0 5 10 1 0.400645 0.451648 
10 5 10 1 -0.0601948 0.280666 
0 6 0 1 0.481544 -0.280842 
0 8 0 1 0.540468 -0.242678 
0 8 5 1 0.52254 0.0794539 
0 6 5 1 0.460453 0.0698316 
0 2 2.5 1 0.310091 -0.172301 
0 4 2.5 1 0.398623 -0.136808 
0 4 5 1 0.385836 0.0582675 
0 2 5 1 0.29447 0.0441076 
0.5 0.5 -0.5 1 0.213689 -0.46085 
0.5 0.5 6 1 0.166443 0.122994 
10.5 0.5 -0.5 1 -0.213086 -0.275249 
10.5 0.5 6 1 -0.251378 0.0690929 
10.5 10.5 -0.5 1 0.143449 -0.15926 
10.5 10.5 6 1 0.121708 0.0987436 
0.5 10.5 -0.5 1 0.571746 -0.226574 
0.5 10.5 6 1 0.551894 0.145909 
0.5 5.5 9.5 1 0.386867 0.394848 
10.5 5.5 9.5 1 -0.0530377 0.250281 
0.5 6.5 -0.5 1 0.465023 -0.296403 
0.5 8.5 -0.5 1 0.522563 -0.258755 
0.5 8.5 4.5 1 0.505064 0.0480482 
0.5 6.5 4.5 1 0.444592 0.0361788 
0.5 2.5 2 1 0.300228 -0.19786 
0.5 4.5 2 1 0.384856 -0.1619 
0.5 4.5 4.5 1 0.372591 0.0220464 
0.5 2.5 4.5 1 0.285416 0.00493576 
