0 0 0 1 -0.543749 -0.450571 
0 0 6.5 1 -0.524307 -0.0682131 
10 0 0 1 -0.0787394 -0.360447 
10 0 6.5 1 -0.0863507 -0.086091 
10 10 0 1 0.298505 -0.420103 
10 10 6.5 1 0.262951 -0.0302812 
0 10 0 1 -0.248016 -0.617788 
0 10 6.5 1 -0.247298 0.0338161 
0 5 10 1 -0.412673 0.198964 
10 5 10 1 0.050205 0.0963229 
0 6 0 1 -0.406666 -0.528082 
0 8 0 1 -0.33752 -0.56718 
0 8 5 1 -0.330393 -0.118112 
0 6 5 1 -0.395721 -0.12929 
0 2 2.5 1 -0.499079 -0.304125 
0 4 2.5 1 -0.454895 -0.312116 
0 4 5 1 -0.448506 -0.138322 
0 2 5 1 -0.492043 -0.145772 
0.5 0.5 -0.5 1 -0.504061 -0.480717 
0.5 0.5 6 1 -0.487066 -0.0940429 
10.5 0.5 -0.5 1 -0.0482094 -0.381543 
10.5 0.5 6 1 -0.0572911 -0.104959 
10.5 10.5 -0.5 1 0.344976 -0.450848 
10.5 10.5 6 1 0.306116 -0.0565142 
0.5 10.5 -0.5 1 -0.175367 -0.67231 
0.5 10.5 6 1 -0.182461 -0.0081226 
0.5 5.5 9.5 1 -0.367258 0.170019 
10.5 5.5 9.5 1 0.0839199 0.0758192 
0.5 6.5 -0.5 1 -0.352099 -0.569295 
0.5 8.5 -0.5 1 -0.275185 -0.614127 
0.5 8.5 4.5 1 -0.272651 -0.157375 
0.5 6.5 4.5 1 -0.344704 -0.164441 
0.5 2.5 2 1 -0.4566 -0.335123 
0.5 4.5 2 1 -0.407838 -0.346268 
0.5 4.5 4.5 1 -0.402819 -0.170141 
0.5 2.5 4.5 1 -0.450683 -0.174836 
