0 0 0 1 -0.335403 -0.252214 
0 0 6.5 1 -0.366832 0.0357878 
10 0 0 1 0.0677559 -0.178759 
10 0 6.5 1 0.0433194 0.07034 
10 10 0 1 0.318475 -0.272968 
10 10 6.5 1 0.2828 0.116473 
0 10 0 1 -0.304491 -0.424145 
0 10 6.5 1 -0.358206 0.0695565 
0 5 10 1 -0.38534 0.247045 
10 5 10 1 0.120765 0.253981 
0 6 0 1 -0.32097 -0.332488 
0 8 0 1 -0.313758 -0.372599 
0 8 5 1 -0.349849 -0.0411881 
0 6 5 1 -0.353083 -0.0378099 
0 2 2.5 1 -0.344579 -0.1539 
0 4 2.5 1 -0.341153 -0.168221 
0 4 5 1 -0.355667 -0.0351111 
0 2 5 1 -0.357778 -0.0329055 
0.5 0.5 -0.5 1 -0.308441 -0.275251 
0.5 0.5 6 1 -0.340055 0.0162002 
10.5 0.5 -0.5 1 0.0953652 -0.19784 
10.5 0.5 6 1 0.0708497 0.0538362 
10.5 10.5 -0.5 1 0.366099 -0.304541 
10.5 10.5 6 1 0.33032 0.0912351 
0.5 10.5 -0.5 1 -0.25723 -0.467672 
0.5 10.5 6 1 -0.311478 0.036253 
0.5 5.5 9.5 1 -0.35146 0.225443 
10.5 5.5 9.5 1 0.155645 0.236144 
0.5 6.5 -0.5 1 -0.284645 -0.364664 
0.5 8.5 -0.5 1 -0.272679 -0.409621 
0.5 8.5 4.5 1 -0.309083 -0.0722374 
0.5 6.5 4.5 1 -0.317006 -0.0652724 
0.5 2.5 2 1 -0.315165 -0.177792 
0.5 4.5 2 1 -0.308695 -0.19476 
0.5 4.5 4.5 1 -0.323312 -0.0597293 
0.5 2.5 4.5 1 -0.328449 -0.0552131 
