0 0 0 1 0.308626 -0.467082 
0 0 6.5 1 0.328271 -0.024167 
10 0 0 1 -0.383016 -0.417332 
10 0 6.5 1 -0.328799 0.0323441 
10 10 0 1 -0.242591 -0.291886 
10 10 6.5 1 -0.214143 -0.0250513 
0 10 0 1 0.16695 -0.323072 
0 10 6.5 1 0.183025 -0.0586218 
0 5 10 1 0.247065 0.122876 
10 5 10 1 -0.238175 0.166756 
0 6 0 1 0.207173 -0.363958 
0 8 0 1 0.185288 -0.341712 
0 8 5 1 0.198356 -0.118822 
0 6 5 1 0.220881 -0.119487 
0 2 2.5 1 0.274275 -0.270306 
0 4 2.5 1 0.241025 -0.253582 
0 4 5 1 0.248086 -0.120291 
0 2 5 1 0.281601 -0.121281 
0.5 0.5 -0.5 1 0.262624 -0.487742 
0.5 0.5 6 1 0.283906 -0.0557856 
10.5 0.5 -0.5 1 -0.410028 -0.439867 
10.5 0.5 6 1 -0.356004 -0.00146749 
10.5 10.5 -0.5 1 -0.261124 -0.307491 
10.5 10.5 6 1 -0.23261 -0.0446608 
0.5 10.5 -0.5 1 0.141684 -0.33795 
0.5 10.5 6 1 0.158223 -0.0774383 
0.5 5.5 9.5 1 0.21561 0.0963417 
10.5 5.5 9.5 1 -0.260208 0.138929 
0.5 6.5 -0.5 1 0.176304 -0.38083 
0.5 8.5 -0.5 1 0.157496 -0.357534 
0.5 8.5 4.5 1 0.171002 -0.138279 
0.5 6.5 4.5 1 0.190559 -0.140727 
0.5 2.5 2 1 0.235166 -0.29308 
0.5 4.5 2 1 0.206683 -0.274375 
0.5 4.5 4.5 1 0.214092 -0.143672 
0.5 2.5 4.5 1 0.242951 -0.147284 
