0 0 0 1 -0.341301 -0.27118 
0 0 6.5 1 -0.372139 0.0192915 
10 0 0 1 0.0633732 -0.194728 
10 0 6.5 1 0.0386183 0.0546929 
10 10 0 1 0.319608 -0.290662 
10 10 6.5 1 0.282617 0.0982648 
0 10 0 1 -0.302341 -0.449113 
0 10 6.5 1 -0.355135 0.0497489 
0 5 10 1 -0.387058 0.230061 
10 5 10 1 0.117759 0.236642 
0 6 0 1 -0.323132 -0.354157 
0 8 0 1 -0.31404 -0.395684 
0 8 5 1 -0.349529 -0.0606628 
0 6 5 1 -0.354694 -0.0564311 
0 2 2.5 1 -0.349243 -0.172294 
0 4 2.5 1 -0.344579 -0.187304 
0 4 5 1 -0.35882 -0.0530515 
0 2 5 1 -0.36219 -0.0502901 
0.5 0.5 -0.5 1 -0.313892 -0.294429 
0.5 0.5 6 1 -0.344979 -0.000456044 
10.5 0.5 -0.5 1 0.0911472 -0.213833 
10.5 0.5 6 1 0.0662458 0.0381651 
10.5 10.5 -0.5 1 0.367404 -0.322204 
10.5 10.5 6 1 0.330112 0.0730252 
0.5 10.5 -0.5 1 -0.254035 -0.493195 
0.5 10.5 6 1 -0.307557 0.0160828 
0.5 5.5 9.5 1 -0.352695 0.208247 
10.5 5.5 9.5 1 0.152652 0.218762 
0.5 6.5 -0.5 1 -0.286111 -0.38668 
0.5 8.5 -0.5 1 -0.272121 -0.433137 
0.5 8.5 4.5 1 -0.308038 -0.0920254 
0.5 6.5 4.5 1 -0.318011 -0.0841538 
0.5 2.5 2 1 -0.31935 -0.1964 
0.5 4.5 2 1 -0.311569 -0.214092 
0.5 4.5 4.5 1 -0.325947 -0.0778909 
0.5 2.5 4.5 1 -0.332411 -0.0727892 
