0 0 0 1 0.25814 -0.0639237 
0 0 6.5 1 0.282991 0.315097 
10 0 0 1 -0.272822 -0.193627 
10 0 6.5 1 -0.298393 0.391514 
10 10 0 1 -0.486494 -0.0338458 
10 10 6.5 1 -0.516372 0.315474 
0 10 0 1 -0.0633648 0.0186152 
0 10 6.5 1 -0.063338 0.282395 
0 5 10 1 0.0823245 0.479905 
10 5 10 1 -0.455454 0.612976 
0 6 0 1 0.0389598 -0.00765433 
0 8 0 1 -0.0154649 0.00631799 
0 8 5 1 -0.0133924 0.219585 
0 6 5 1 0.043676 0.220164 
0 2 2.5 1 0.179742 0.0862647 
0 4 2.5 1 0.105321 0.0956356 
0 4 5 1 0.109498 0.220832 
0 2 5 1 0.186256 0.22161 
0.5 0.5 -0.5 1 0.216373 -0.0891124 
0.5 0.5 6 1 0.237776 0.284039 
10.5 0.5 -0.5 1 -0.32829 -0.229868 
10.5 0.5 6 1 -0.360118 0.34131 
10.5 10.5 -0.5 1 -0.518372 -0.0573449 
10.5 10.5 6 1 -0.550197 0.286996 
0.5 10.5 -0.5 1 -0.0905145 0.000364139 
0.5 10.5 6 1 -0.0919117 0.261301 
0.5 5.5 9.5 1 0.0459919 0.452294 
10.5 5.5 9.5 1 -0.501137 0.571393 
0.5 6.5 -0.5 1 0.00735134 -0.0281698 
0.5 8.5 -0.5 1 -0.0446793 -0.0129996 
0.5 8.5 4.5 1 -0.0438638 0.197841 
0.5 6.5 4.5 1 0.0105916 0.196879 
0.5 2.5 2 1 0.140962 0.0610716 
0.5 4.5 2 1 0.0700496 0.0722328 
0.5 4.5 4.5 1 0.0733275 0.19577 
0.5 2.5 4.5 1 0.146388 0.194479 
