0 0 0 1 0.347149 -0.647379 
0 0 6.5 1 0.341768 -0.151267 
10 0 0 1 -0.373367 -0.577713 
10 0 6.5 1 -0.325775 -0.12141 
10 10 0 1 -0.179755 -0.41672 
10 10 6.5 1 -0.159279 -0.144664 
0 10 0 1 0.243464 -0.449204 
0 10 6.5 1 0.245104 -0.163458 
0 5 10 1 0.281071 0.0193 
10 5 10 1 -0.207967 0.0325112 
0 6 0 1 0.272187 -0.504104 
0 8 0 1 0.256491 -0.474103 
0 8 5 1 0.257365 -0.231083 
0 6 5 1 0.272466 -0.235959 
0 2 2.5 1 0.31469 -0.413605 
0 4 2.5 1 0.291151 -0.387739 
0 4 5 1 0.290849 -0.241896 
0 2 5 1 0.313716 -0.249279 
0.5 0.5 -0.5 1 0.301197 -0.667104 
0.5 0.5 6 1 0.299478 -0.184787 
10.5 0.5 -0.5 1 -0.393672 -0.598149 
10.5 0.5 6 1 -0.346008 -0.15351 
10.5 10.5 -0.5 1 -0.195567 -0.432005 
10.5 10.5 6 1 -0.174762 -0.164116 
0.5 10.5 -0.5 1 0.218689 -0.464561 
0.5 10.5 6 1 0.221433 -0.183416 
0.5 5.5 9.5 1 0.251596 -0.00897881 
10.5 5.5 9.5 1 -0.225513 0.00537855 
0.5 6.5 -0.5 1 0.241783 -0.521252 
0.5 8.5 -0.5 1 0.229185 -0.490328 
0.5 8.5 4.5 1 0.231099 -0.251638 
0.5 6.5 4.5 1 0.243345 -0.258375 
0.5 2.5 2 1 0.276494 -0.437037 
0.5 4.5 2 1 0.257697 -0.409283 
0.5 4.5 4.5 1 0.258188 -0.266541 
0.5 2.5 4.5 1 0.276549 -0.276642 
