0 0 0 1 0.280206 -0.362395 
0 0 6.5 1 0.244552 -0.0420348 
10 0 0 1 0.675624 -0.612902 
10 0 6.5 1 0.587256 0.0101149 
10 10 0 1 -0.322595 -0.795105 
10 10 6.5 1 -0.364696 -0.0692393 
0 10 0 1 -0.223893 -0.430316 
0 10 6.5 1 -0.247432 -0.0847555 
0 5 10 1 -0.00833454 0.108747 
10 5 10 1 0.110013 0.304376 
0 6 0 1 -0.0134833 -0.401966 
0 8 0 1 -0.117141 -0.415932 
0 8 5 1 -0.137484 -0.152485 
0 6 5 1 -0.0358124 -0.142561 
0 2 2.5 1 0.171953 -0.248016 
0 4 2.5 1 0.0749811 -0.259259 
0 4 5 1 0.0630157 -0.132914 
0 2 5 1 0.159118 -0.123533 
0.5 0.5 -0.5 1 0.269366 -0.398378 
0.5 0.5 6 1 0.232942 -0.0673703 
10.5 0.5 -0.5 1 0.678447 -0.700952 
10.5 0.5 6 1 0.584718 -0.0364079 
10.5 10.5 -0.5 1 -0.391991 -0.911258 
10.5 10.5 6 1 -0.432559 -0.128514 
0.5 10.5 -0.5 1 -0.252381 -0.471341 
0.5 10.5 6 1 -0.275823 -0.113369 
0.5 5.5 9.5 1 -0.0279407 0.0875303 
10.5 5.5 9.5 1 0.0781305 0.274014 
0.5 6.5 -0.5 1 -0.034311 -0.440845 
0.5 8.5 -0.5 1 -0.141689 -0.455862 
0.5 8.5 4.5 1 -0.162121 -0.183044 
0.5 6.5 4.5 1 -0.0568746 -0.172359 
0.5 2.5 2 1 0.157715 -0.280565 
0.5 4.5 2 1 0.0574799 -0.292636 
0.5 4.5 4.5 1 0.0453368 -0.161982 
0.5 2.5 4.5 1 0.144643 -0.1519 
