0 0 0 1 -0.342037 -0.398394 
0 0 6.5 1 -0.351251 0.245831 
10 0 0 1 -0.250128 -0.115774 
10 0 6.5 1 -0.249093 0.21472 
10 10 0 1 0.224585 -0.11659 
10 10 6.5 1 0.25191 0.189007 
0 10 0 1 0.532595 -0.363288 
0 10 6.5 1 0.617187 0.192425 
0 5 10 1 0.198895 0.598344 
10 5 10 1 0.0201292 0.388024 
0 6 0 1 0.211403 -0.37618 
0 8 0 1 0.376268 -0.369563 
0 8 5 1 0.428845 0.0592117 
0 6 5 1 0.251671 0.0647312 
0 2 2.5 1 -0.141745 -0.166873 
0 4 2.5 1 0.0499353 -0.165714 
0 4 5 1 0.063686 0.0705874 
0 2 5 1 -0.136129 0.0768121 
0.5 0.5 -0.5 1 -0.285794 -0.412222 
0.5 0.5 6 1 -0.287917 0.187934 
10.5 0.5 -0.5 1 -0.223151 -0.131987 
10.5 0.5 6 1 -0.220584 0.18659 
10.5 10.5 -0.5 1 0.235826 -0.131658 
10.5 10.5 6 1 0.262915 0.163719 
0.5 10.5 -0.5 1 0.536574 -0.377239 
0.5 10.5 6 1 0.616738 0.145389 
0.5 5.5 9.5 1 0.225531 0.518479 
10.5 5.5 9.5 1 0.0395409 0.354408 
0.5 6.5 -0.5 1 0.233105 -0.390148 
0.5 8.5 -0.5 1 0.388659 -0.383531 
0.5 8.5 4.5 1 0.439179 0.0196155 
0.5 6.5 4.5 1 0.27272 0.0237068 
0.5 2.5 2 1 -0.0968144 -0.194716 
0.5 4.5 2 1 0.0824773 -0.192857 
0.5 4.5 4.5 1 0.0967204 0.0280327 
0.5 2.5 4.5 1 -0.0896657 0.0326139 
