0 0 0 1 0.391829 -0.485548 
0 0 6.5 1 0.324263 0.0798318 
10 0 0 1 -0.253567 -0.415974 
10 0 6.5 1 -0.268605 -0.0204004 
10 10 0 1 0.041602 -0.303943 
10 10 6.5 1 0.0215841 -0.043542 
0 10 0 1 0.483842 -0.31491 
0 10 6.5 1 0.440334 0.00960415 
0 5 10 1 0.371104 0.239991 
10 5 10 1 -0.104356 0.124515 
0 6 0 1 0.458553 -0.361808 
0 8 0 1 0.472392 -0.336144 
0 8 5 1 0.435926 -0.0603568 
0 6 5 1 0.418976 -0.0573789 
0 2 2.5 1 0.395533 -0.236478 
0 4 2.5 1 0.419389 -0.21981 
0 4 5 1 0.39825 -0.0537378 
0 2 5 1 0.37233 -0.049184 
0.5 0.5 -0.5 1 0.360474 -0.510965 
0.5 0.5 6 1 0.298298 0.0289455 
10.5 0.5 -0.5 1 -0.252184 -0.436323 
10.5 0.5 6 1 -0.266772 -0.0533828 
10.5 10.5 -0.5 1 0.0354165 -0.320161 
10.5 10.5 6 1 0.0160687 -0.0652859 
0.5 10.5 -0.5 1 0.462847 -0.334813 
0.5 10.5 6 1 0.421449 -0.0188323 
0.5 5.5 9.5 1 0.350538 0.197287 
10.5 5.5 9.5 1 -0.107377 0.0945284 
0.5 6.5 -0.5 1 0.434248 -0.384023 
0.5 8.5 -0.5 1 0.449854 -0.35717 
0.5 8.5 4.5 1 0.41532 -0.0893823 
0.5 6.5 4.5 1 0.396964 -0.0893154 
0.5 2.5 2 1 0.368619 -0.269136 
0.5 4.5 2 1 0.394483 -0.24955 
0.5 4.5 4.5 1 0.374678 -0.0892341 
0.5 2.5 4.5 1 0.347045 -0.0891334 
