0 0 0 1 -0.594719 -0.281241 
0 0 6.5 1 -0.547641 0.316823 
10 0 0 1 -0.250361 -0.13686 
10 0 6.5 1 -0.222138 0.175181 
10 10 0 1 0.237353 -0.197612 
10 10 6.5 1 0.273109 0.1339 
0 10 0 1 0.348154 -0.42293 
0 10 6.5 1 0.42408 0.251004 
0 5 10 1 -0.0585595 0.639154 
10 5 10 1 0.0351435 0.33133 
0 6 0 1 -0.0568437 -0.362069 
0 8 0 1 0.140545 -0.391731 
0 8 5 1 0.193427 0.111142 
0 6 5 1 -0.00872603 0.128728 
0 2 2.5 1 -0.404136 -0.0746943 
0 4 2.5 1 -0.22306 -0.0962081 
0 4 5 1 -0.201002 0.145455 
0 2 5 1 -0.384106 0.161385 
0.5 0.5 -0.5 1 -0.526499 -0.317309 
0.5 0.5 6 1 -0.479937 0.255862 
10.5 0.5 -0.5 1 -0.221191 -0.159189 
10.5 0.5 6 1 -0.193258 0.145938 
10.5 10.5 -0.5 1 0.257383 -0.219971 
10.5 10.5 6 1 0.292554 0.103747 
0.5 10.5 -0.5 1 0.382863 -0.457155 
0.5 10.5 6 1 0.456129 0.185326 
0.5 5.5 9.5 1 -0.00716453 0.55985 
10.5 5.5 9.5 1 0.0593827 0.297548 
0.5 6.5 -0.5 1 -0.00660153 -0.397261 
0.5 8.5 -0.5 1 0.18343 -0.426485 
0.5 8.5 4.5 1 0.234709 0.0535885 
0.5 6.5 4.5 1 0.04028 0.071796 
0.5 2.5 2 1 -0.341606 -0.120294 
0.5 4.5 2 1 -0.166638 -0.141968 
0.5 4.5 4.5 1 -0.145049 0.0891513 
0.5 2.5 4.5 1 -0.321903 0.105713 
