0 0 0 1 -0.050915 -0.239282 
0 0 6.5 1 -0.0835755 0.463033 
10 0 0 1 -0.248139 -0.0429912 
10 0 6.5 1 -0.27777 0.316089 
10 10 0 1 0.192575 0.011938 
10 10 6.5 1 0.19312 0.3071 
0 10 0 1 0.615855 -0.0920694 
0 10 6.5 1 0.657125 0.401 
0 5 10 1 0.368074 0.796022 
10 5 10 1 -0.0250064 0.502716 
0 6 0 1 0.401695 -0.139352 
0 8 0 1 0.515374 -0.114254 
0 8 5 1 0.540812 0.279791 
0 6 5 1 0.419627 0.280636 
0 2 2.5 1 0.120031 0.0298829 
0 4 2.5 1 0.275802 0.0473207 
0 4 5 1 0.279902 0.281609 
0 2 5 1 0.117033 0.282744 
0.5 0.5 -0.5 1 -0.0226551 -0.256327 
0.5 0.5 6 1 -0.0491014 0.388376 
10.5 0.5 -0.5 1 -0.225317 -0.0596912 
10.5 0.5 6 1 -0.252244 0.283763 
10.5 10.5 -0.5 1 0.197631 -0.0036319 
10.5 10.5 6 1 0.198431 0.280903 
0.5 10.5 -0.5 1 0.602559 -0.111874 
0.5 10.5 6 1 0.640353 0.352192 
0.5 5.5 9.5 1 0.367058 0.7079 
10.5 5.5 9.5 1 -0.0107648 0.465607 
0.5 6.5 -0.5 1 0.398942 -0.158919 
0.5 8.5 -0.5 1 0.506688 -0.134024 
0.5 8.5 4.5 1 0.530038 0.235953 
0.5 6.5 4.5 1 0.415563 0.233821 
0.5 2.5 2 1 0.135831 -0.00486021 
0.5 4.5 2 1 0.280692 0.0138624 
0.5 4.5 4.5 1 0.284725 0.231385 
0.5 2.5 4.5 1 0.133746 0.228574 
