0 0 0 1 0.255575 -0.213575 
0 0 6.5 1 0.296186 0.160059 
10 0 0 1 -0.337521 -0.298064 
10 0 6.5 1 -0.329045 0.213013 
10 10 0 1 -0.412753 -0.103188 
10 10 6.5 1 -0.411358 0.201461 
0 10 0 1 -0.00337412 -0.0810183 
0 10 6.5 1 0.0133684 0.16887 
0 5 10 1 0.13977 0.338357 
10 5 10 1 -0.379178 0.430541 
0 6 0 1 0.0764076 -0.121859 
0 8 0 1 0.033679 -0.0999859 
0 8 5 1 0.0485379 0.103946 
0 6 5 1 0.0938811 0.0974803 
0 2 2.5 1 0.197357 -0.0508191 
0 4 2.5 1 0.136435 -0.0308578 
0 4 5 1 0.14702 0.0899032 
0 2 5 1 0.210156 0.0809009 
0.5 0.5 -0.5 1 0.212082 -0.233607 
0.5 0.5 6 1 0.249533 0.13269 
10.5 0.5 -0.5 1 -0.383677 -0.323314 
10.5 0.5 6 1 -0.37903 0.17411 
10.5 10.5 -0.5 1 -0.439591 -0.120877 
10.5 10.5 6 1 -0.439449 0.178898 
0.5 10.5 -0.5 1 -0.0298512 -0.0958634 
0.5 10.5 6 1 -0.0142897 0.150736 
0.5 5.5 9.5 1 0.103886 0.313661 
10.5 5.5 9.5 1 -0.416352 0.397153 
0.5 6.5 -0.5 1 0.0449575 -0.138455 
0.5 8.5 -0.5 1 0.00492225 -0.115662 
0.5 8.5 4.5 1 0.018722 0.0854188 
0.5 6.5 4.5 1 0.0611668 0.077586 
0.5 2.5 2 1 0.157823 -0.0717863 
0.5 4.5 2 1 0.101008 -0.0503448 
0.5 4.5 4.5 1 0.11081 0.0684248 
0.5 2.5 4.5 1 0.169653 0.0575659 
