0 0 0 1 -0.389701 -0.383408 
0 0 6.5 1 -0.413076 -0.0699767 
10 0 0 1 0.0298697 -0.288887 
10 0 6.5 1 0.00515119 -0.0336934 
10 10 0 1 0.324742 -0.387769 
10 10 6.5 1 0.281114 0.00285803 
0 10 0 1 -0.290794 -0.591545 
0 10 6.5 1 -0.333846 -0.0456656 
0 5 10 1 -0.399796 0.146649 
10 5 10 1 0.0978795 0.142943 
0 6 0 1 -0.343965 -0.479653 
0 8 0 1 -0.320823 -0.528353 
0 8 5 1 -0.349351 -0.160604 
0 6 5 1 -0.368888 -0.154179 
0 2 2.5 1 -0.387308 -0.276275 
0 4 2.5 1 -0.373491 -0.293901 
0 4 5 1 -0.384467 -0.149055 
0 2 5 1 -0.397179 -0.144874 
0.5 0.5 -0.5 1 -0.358973 -0.408374 
0.5 0.5 6 1 -0.383118 -0.0910053 
10.5 0.5 -0.5 1 0.0587903 -0.308331 
10.5 0.5 6 1 0.0334557 -0.0505308 
10.5 10.5 -0.5 1 0.37355 -0.419156 
10.5 10.5 6 1 0.328305 -0.0223927 
0.5 10.5 -0.5 1 -0.234759 -0.639643 
0.5 10.5 6 1 -0.280256 -0.0817195 
0.5 5.5 9.5 1 -0.362006 0.123313 
10.5 5.5 9.5 1 0.132839 0.1247 
0.5 6.5 -0.5 1 -0.301799 -0.514824 
0.5 8.5 -0.5 1 -0.272696 -0.56901 
0.5 8.5 4.5 1 -0.302641 -0.194177 
0.5 6.5 4.5 1 -0.32782 -0.183812 
0.5 2.5 2 1 -0.353884 -0.302075 
0.5 4.5 2 1 -0.336419 -0.322613 
0.5 4.5 4.5 1 -0.347828 -0.175575 
0.5 2.5 4.5 1 -0.364109 -0.168873 
