0 0 0 1 0.291409 -0.277046 
0 0 6.5 1 0.253243 0.0693325 
10 0 0 1 0.288307 -0.549687 
10 0 6.5 1 0.210976 0.162526 
10 10 0 1 -0.589709 -0.510211 
10 10 6.5 1 -0.625889 0.0370392 
0 10 0 1 -0.193069 -0.290822 
0 10 6.5 1 -0.219144 0.0112804 
0 5 10 1 -0.0156752 0.207888 
10 5 10 1 -0.288753 0.409726 
0 6 0 1 -0.015268 -0.285766 
0 8 0 1 -0.106548 -0.288362 
0 8 5 1 -0.128224 -0.0490371 
0 6 5 1 -0.0386358 -0.03997 
0 2 2.5 1 0.169522 -0.149362 
0 4 2.5 1 0.0684877 -0.155921 
0 4 5 1 0.0559575 -0.0303964 
0 2 5 1 0.155987 -0.0202727 
0.5 0.5 -0.5 1 0.265967 -0.312234 
0.5 0.5 6 1 0.227491 0.0415722 
10.5 0.5 -0.5 1 0.23447 -0.635489 
10.5 0.5 6 1 0.155923 0.108835 
10.5 10.5 -0.5 1 -0.658472 -0.573817 
10.5 10.5 6 1 -0.693891 -0.00781155 
0.5 10.5 -0.5 1 -0.223554 -0.321582 
0.5 10.5 6 1 -0.249614 -0.0138472 
0.5 5.5 9.5 1 -0.0443015 0.184804 
10.5 5.5 9.5 1 -0.352944 0.372603 
0.5 6.5 -0.5 1 -0.0441988 -0.318157 
0.5 8.5 -0.5 1 -0.13632 -0.319917 
0.5 8.5 4.5 1 -0.158022 -0.0759948 
0.5 6.5 4.5 1 -0.0676342 -0.0675092 
0.5 2.5 2 1 0.142643 -0.180817 
0.5 4.5 2 1 0.0404834 -0.186599 
0.5 4.5 4.5 1 0.0278968 -0.0585408 
0.5 2.5 4.5 1 0.129023 -0.0490471 
