0 0 0 1 -0.618741 -0.502938 
0 0 6.5 1 -0.572482 -0.0776559 
10 0 0 1 -0.133175 -0.40174 
10 0 6.5 1 -0.127465 -0.115388 
10 10 0 1 0.282457 -0.474609 
10 10 6.5 1 0.260076 -0.0825288 
0 10 0 1 -0.19137 -0.70767 
0 10 6.5 1 -0.170663 0.00237684 
0 5 10 1 -0.399145 0.199049 
10 5 10 1 0.0353339 0.0604576 
0 6 0 1 -0.418201 -0.599006 
0 8 0 1 -0.318655 -0.646694 
0 8 5 1 -0.292816 -0.152284 
0 6 5 1 -0.387027 -0.157978 
0 2 2.5 1 -0.545432 -0.341651 
0 4 2.5 1 -0.480484 -0.354191 
0 4 5 1 -0.464064 -0.162633 
0 2 5 1 -0.528231 -0.166511 
0.5 0.5 -0.5 1 -0.573577 -0.536962 
0.5 0.5 6 1 -0.530758 -0.10814 
10.5 0.5 -0.5 1 -0.102289 -0.42431 
10.5 0.5 6 1 -0.0982287 -0.136342 
10.5 10.5 -0.5 1 0.325904 -0.505883 
10.5 10.5 6 1 0.300328 -0.110785 
0.5 10.5 -0.5 1 -0.112998 -0.766266 
0.5 10.5 6 1 -0.102107 -0.0464695 
0.5 5.5 9.5 1 -0.349783 0.163961 
10.5 5.5 9.5 1 0.0681156 0.0374227 
0.5 6.5 -0.5 1 -0.357633 -0.644472 
0.5 8.5 -0.5 1 -0.250324 -0.697897 
0.5 8.5 4.5 1 -0.230471 -0.197439 
0.5 6.5 4.5 1 -0.33121 -0.198608 
0.5 2.5 2 1 -0.497737 -0.377073 
0.5 4.5 2 1 -0.428099 -0.393004 
0.5 4.5 4.5 1 -0.413539 -0.199562 
0.5 2.5 4.5 1 -0.482081 -0.200357 
