0 0 0 1 -0.067655 -0.244627 
0 0 6.5 1 -0.0993773 0.457257 
10 0 0 1 -0.248174 -0.0422753 
10 0 6.5 1 -0.276313 0.315793 
10 10 0 1 0.195581 0.0100346 
10 10 6.5 1 0.19789 0.306358 
0 10 0 1 0.615001 -0.100924 
0 10 6.5 1 0.660136 0.397127 
0 5 10 1 0.363188 0.795204 
10 5 10 1 -0.0216309 0.50269 
0 6 0 1 0.394171 -0.14741 
0 8 0 1 0.511204 -0.122773 
0 8 5 1 0.53919 0.274359 
0 6 5 1 0.414256 0.275103 
0 2 2.5 1 0.106631 0.0234696 
0 4 2.5 1 0.265777 0.0405303 
0 4 5 1 0.270769 0.275956 
0 2 5 1 0.104264 0.276947 
0.5 0.5 -0.5 1 -0.0374401 -0.261291 
0.5 0.5 6 1 -0.0627012 0.383124 
10.5 0.5 -0.5 1 -0.225016 -0.0589213 
10.5 0.5 6 1 -0.250473 0.283633 
10.5 10.5 -0.5 1 0.200948 -0.00549923 
10.5 10.5 6 1 0.203477 0.280133 
0.5 10.5 -0.5 1 0.602328 -0.120437 
0.5 10.5 6 1 0.643776 0.348079 
0.5 5.5 9.5 1 0.363401 0.706578 
10.5 5.5 9.5 1 -0.00705088 0.465605 
0.5 6.5 -0.5 1 0.392578 -0.166616 
0.5 8.5 -0.5 1 0.503401 -0.142217 
0.5 8.5 4.5 1 0.529191 0.230512 
0.5 6.5 4.5 1 0.411301 0.228365 
0.5 2.5 2 1 0.124204 -0.0108746 
0.5 4.5 2 1 0.272125 0.00739395 
0.5 4.5 4.5 1 0.277057 0.225921 
0.5 2.5 4.5 1 0.122801 0.223112 
