0 0 0 1 -0.469217 -0.441227 
0 0 6.5 1 -0.473624 -0.0916854 
10 0 0 1 -0.0247737 -0.342489 
10 0 6.5 1 -0.0431341 -0.0768282 
10 10 0 1 0.315356 -0.418478 
10 10 6.5 1 0.271688 -0.025656 
0 10 0 1 -0.278587 -0.633851 
0 10 6.5 1 -0.300278 -0.0248606 
0 5 10 1 -0.414076 0.152502 
10 5 10 1 0.0707964 0.104316 
0 6 0 1 -0.38144 -0.529922 
0 8 0 1 -0.336781 -0.575049 
0 8 5 1 -0.34867 -0.160925 
0 6 5 1 -0.389984 -0.163818 
0 2 2.5 1 -0.44783 -0.313811 
0 4 2.5 1 -0.419984 -0.326748 
0 4 5 1 -0.423043 -0.166133 
0 2 5 1 -0.450095 -0.168027 
0.5 0.5 -0.5 1 -0.433926 -0.4686 
0.5 0.5 6 1 -0.439931 -0.114674 
10.5 0.5 -0.5 1 0.00524958 -0.362574 
10.5 0.5 6 1 -0.0142572 -0.0943783 
10.5 10.5 -0.5 1 0.363877 -0.449303 
10.5 10.5 6 1 0.317344 -0.050918 
0.5 10.5 -0.5 1 -0.2129 -0.685553 
0.5 10.5 6 1 -0.239895 -0.0631807 
0.5 5.5 9.5 1 -0.372114 0.127043 
10.5 5.5 9.5 1 0.105356 0.0853469 
0.5 6.5 -0.5 1 -0.33255 -0.568108 
0.5 8.5 -0.5 1 -0.280712 -0.61899 
0.5 8.5 4.5 1 -0.295664 -0.196869 
0.5 6.5 4.5 1 -0.343443 -0.195758 
0.5 2.5 2 1 -0.409695 -0.34192 
0.5 4.5 2 1 -0.377601 -0.357902 
0.5 4.5 4.5 1 -0.381568 -0.194872 
0.5 2.5 4.5 1 -0.412696 -0.194148 
