0 0 0 1 -0.628214 -0.513454 
0 0 6.5 1 -0.578583 -0.0818031 
10 0 0 1 -0.140037 -0.408416 
10 0 6.5 1 -0.13259 -0.120323 
10 10 0 1 0.280304 -0.484513 
10 10 6.5 1 0.259844 -0.0918122 
0 10 0 1 -0.182673 -0.727655 
0 10 6.5 1 -0.159719 -0.00862437 
0 5 10 1 -0.396895 0.195316 
10 5 10 1 0.0336476 0.0543206 
0 6 0 1 -0.418741 -0.614162 
0 8 0 1 -0.315028 -0.664023 
0 8 5 1 -0.286997 -0.162863 
0 6 5 1 -0.385135 -0.166878 
0 2 2.5 1 -0.551019 -0.350574 
0 4 2.5 1 -0.483159 -0.364415 
0 4 5 1 -0.465515 -0.170165 
0 2 5 1 -0.532556 -0.172907 
0.5 0.5 -0.5 1 -0.582258 -0.547976 
0.5 0.5 6 1 -0.536203 -0.112967 
10.5 0.5 -0.5 1 -0.109113 -0.431161 
10.5 0.5 6 1 -0.103328 -0.14156 
10.5 10.5 -0.5 1 0.323306 -0.515812 
10.5 10.5 6 1 0.299698 -0.120325 
0.5 10.5 -0.5 1 -0.103732 -0.786637 
0.5 10.5 6 1 -0.0907754 -0.0584475 
0.5 5.5 9.5 1 -0.34699 0.159306 
10.5 5.5 9.5 1 0.0663056 0.0309389 
0.5 6.5 -0.5 1 -0.357404 -0.66012 
0.5 8.5 -0.5 1 -0.245993 -0.715686 
0.5 8.5 4.5 1 -0.224097 -0.208837 
0.5 6.5 4.5 1 -0.32869 -0.208276 
0.5 2.5 2 1 -0.502586 -0.386596 
0.5 4.5 2 1 -0.430048 -0.40385 
0.5 4.5 4.5 1 -0.414324 -0.207817 
0.5 2.5 4.5 1 -0.485726 -0.207435 
