0 0 0 1 0.401956 -0.509473 
0 0 6.5 1 0.341115 0.0375863 
10 0 0 1 -0.273909 -0.44955 
10 0 6.5 1 -0.275275 -0.0420479 
10 10 0 1 3.04324e-05 -0.341143 
10 10 6.5 1 -0.0126486 -0.0789159 
0 10 0 1 0.43838 -0.352894 
0 10 6.5 1 0.400731 -0.0392328 
0 5 10 1 0.355993 0.183247 
10 5 10 1 -0.121433 0.0941295 
0 6 0 1 0.428405 -0.395777 
0 8 0 1 0.433867 -0.372296 
0 8 5 1 0.40209 -0.105068 
0 6 5 1 0.39371 -0.100683 
0 2 2.5 1 0.391233 -0.26929 
0 4 2.5 1 0.40204 -0.255536 
0 4 5 1 0.383467 -0.0953225 
0 2 5 1 0.370661 -0.0886208 
0.5 0.5 -0.5 1 0.366066 -0.536346 
0.5 0.5 6 1 0.310833 -0.0104925 
10.5 0.5 -0.5 1 -0.277088 -0.471626 
10.5 0.5 6 1 -0.278207 -0.0760008 
10.5 10.5 -0.5 1 -0.00820123 -0.357882 
10.5 10.5 6 1 -0.0202601 -0.10061 
0.5 10.5 -0.5 1 0.41667 -0.372643 
0.5 10.5 6 1 0.381074 -0.0660428 
0.5 5.5 9.5 1 0.333592 0.143889 
10.5 5.5 9.5 1 -0.127597 0.0643475 
0.5 6.5 -0.5 1 0.402604 -0.418148 
0.5 8.5 -0.5 1 0.410286 -0.393295 
0.5 8.5 4.5 1 0.380407 -0.132729 
0.5 6.5 4.5 1 0.370184 -0.131161 
0.5 2.5 2 1 0.361279 -0.301547 
0.5 4.5 2 1 0.375006 -0.284723 
0.5 4.5 4.5 1 0.357766 -0.129257 
0.5 2.5 4.5 1 0.342361 -0.126895 
