0 0 0 1 0.271317 -0.200711 
0 0 6.5 1 0.24918 0.150387 
10 0 0 1 0.0190754 -0.501145 
10 0 6.5 1 -0.0402865 0.154474 
10 10 0 1 -0.570394 -0.35478 
10 10 6.5 1 -0.634919 0.0808971 
0 10 0 1 -0.15459 -0.170973 
0 10 6.5 1 -0.183514 0.105429 
0 5 10 1 -0.00828972 0.299661 
10 5 10 1 -0.43786 0.415354 
0 6 0 1 -0.00758424 -0.181237 
0 8 0 1 -0.0842993 -0.175881 
0 8 5 1 -0.105876 0.044742 
0 6 5 1 -0.0284305 0.0495754 
0 2 2.5 1 0.159822 -0.0679845 
0 4 2.5 1 0.0666604 -0.0675335 
0 4 5 1 0.0566088 0.0548828 
0 2 5 1 0.150417 0.0607374 
0.5 0.5 -0.5 1 0.239033 -0.233225 
0.5 0.5 6 1 0.215601 0.119452 
10.5 0.5 -0.5 1 -0.0451144 -0.566441 
10.5 0.5 6 1 -0.109694 0.0945819 
10.5 10.5 -0.5 1 -0.618655 -0.396908 
10.5 10.5 6 1 -0.68593 0.0411636 
0.5 10.5 -0.5 1 -0.182583 -0.196464 
0.5 10.5 6 1 -0.212446 0.0809146 
0.5 5.5 9.5 1 -0.0400655 0.273053 
10.5 5.5 9.5 1 -0.499065 0.369879 
0.5 6.5 -0.5 1 -0.0372073 -0.209139 
0.5 8.5 -0.5 1 -0.113091 -0.202523 
0.5 8.5 4.5 1 -0.135431 0.0189054 
0.5 6.5 4.5 1 -0.0588665 0.0225551 
0.5 2.5 2 1 0.127993 -0.0982832 
0.5 4.5 2 1 0.0357482 -0.096351 
0.5 4.5 4.5 1 0.0252573 0.0265652 
0.5 2.5 4.5 1 0.118118 0.0309918 
