0 0 0 1 0.292573 -0.32579 
0 0 6.5 1 0.254891 0.0168204 
10 0 0 1 0.446537 -0.554686 
10 0 6.5 1 0.357642 0.153067 
10 10 0 1 -0.571293 -0.57039 
10 10 6.5 1 -0.57264 0.0497118 
0 10 0 1 -0.217785 -0.34973 
0 10 6.5 1 -0.232599 -0.0290145 
0 5 10 1 -0.0101282 0.160429 
10 5 10 1 -0.157269 0.411834 
0 6 0 1 -0.0223934 -0.340564 
0 8 0 1 -0.121465 -0.345212 
0 8 5 1 -0.136147 -0.0929599 
0 6 5 1 -0.0404306 -0.0849706 
0 2 2.5 1 0.171624 -0.197401 
0 4 2.5 1 0.0685844 -0.204146 
0 4 5 1 0.0579715 -0.0767571 
0 2 5 1 0.159174 -0.0683099 
0.5 0.5 -0.5 1 0.271286 -0.360962 
0.5 0.5 6 1 0.233578 -0.00808993 
10.5 0.5 -0.5 1 0.409295 -0.644093 
10.5 0.5 6 1 0.319101 0.108866 
10.5 10.5 -0.5 1 -0.653572 -0.647841 
10.5 10.5 6 1 -0.648524 0.00660087 
0.5 10.5 -0.5 1 -0.250173 -0.382989 
0.5 10.5 6 1 -0.264016 -0.0533109 
0.5 5.5 9.5 1 -0.0365916 0.140381 
10.5 5.5 9.5 1 -0.215583 0.384592 
0.5 6.5 -0.5 1 -0.0507588 -0.374565 
0.5 8.5 -0.5 1 -0.151906 -0.378838 
0.5 8.5 4.5 1 -0.165965 -0.119382 
0.5 6.5 4.5 1 -0.0683152 -0.111571 
0.5 2.5 2 1 0.1479 -0.228142 
0.5 4.5 2 1 0.0425912 -0.234609 
0.5 4.5 4.5 1 0.0321431 -0.103535 
0.5 2.5 4.5 1 0.135533 -0.0952644 
