0 0 0 1 -0.0010377 -0.237436 
0 0 6.5 1 -0.0364012 0.460268 
10 0 0 1 -0.247269 -0.054704 
10 0 6.5 1 -0.280839 0.306015 
10 10 0 1 0.183182 0.00856476 
10 10 6.5 1 0.178558 0.29931 
0 10 0 1 0.615489 -0.0787594 
0 10 6.5 1 0.64475 0.39707 
0 5 10 1 0.379171 0.777899 
10 5 10 1 -0.0346762 0.491402 
0 6 0 1 0.42141 -0.12871 
0 8 0 1 0.524883 -0.102079 
0 8 5 1 0.542265 0.280694 
0 6 5 1 0.432429 0.281283 
0 2 2.5 1 0.158464 0.0337531 
0 4 2.5 1 0.303241 0.0527448 
0 4 5 1 0.304452 0.281968 
0 2 5 1 0.153437 0.282776 
0.5 0.5 -0.5 1 0.0212105 -0.254913 
0.5 0.5 6 1 -0.00872746 0.385838 
10.5 0.5 -0.5 1 -0.225571 -0.0713366 
10.5 0.5 6 1 -0.256425 0.273584 
10.5 10.5 -0.5 1 0.187328 -0.00694044 
10.5 10.5 6 1 0.183062 0.273467 
0.5 10.5 -0.5 1 0.60063 -0.0989313 
0.5 10.5 6 1 0.627122 0.349795 
0.5 5.5 9.5 1 0.37489 0.692978 
10.5 5.5 9.5 1 -0.0215099 0.454646 
0.5 6.5 -0.5 1 0.415459 -0.14878 
0.5 8.5 -0.5 1 0.513859 -0.12229 
0.5 8.5 4.5 1 0.529548 0.237705 
0.5 6.5 4.5 1 0.4254 0.235176 
0.5 2.5 2 1 0.169044 -0.0012807 
0.5 4.5 2 1 0.304003 0.019134 
0.5 4.5 4.5 1 0.305165 0.232256 
0.5 2.5 4.5 1 0.164802 0.228847 
