0 0 0 1 0.25993 -0.256791 
0 0 6.5 1 0.304158 0.124535 
10 0 0 1 -0.360074 -0.300367 
10 0 6.5 1 -0.335374 0.19353 
10 10 0 1 -0.378859 -0.120955 
10 10 6.5 1 -0.365135 0.170486 
0 10 0 1 0.0272351 -0.118572 
0 10 6.5 1 0.0495283 0.12965 
0 5 10 1 0.16604 0.297634 
10 5 10 1 -0.344135 0.388371 
0 6 0 1 0.0976301 -0.160386 
0 8 0 1 0.0597882 -0.137908 
0 8 5 1 0.0788423 0.0660378 
0 6 5 1 0.119149 0.0599893 
0 2 2.5 1 0.209409 -0.0888836 
0 4 2.5 1 0.15431 -0.0685003 
0 4 5 1 0.166765 0.0528441 
0 2 5 1 0.223876 0.0442742 
0.5 0.5 -0.5 1 0.215506 -0.275694 
0.5 0.5 6 1 0.257114 0.0975833 
10.5 0.5 -0.5 1 -0.402318 -0.323524 
10.5 0.5 6 1 -0.380412 0.156952 
10.5 10.5 -0.5 1 -0.403824 -0.137307 
10.5 10.5 6 1 -0.391053 0.14942 
0.5 10.5 -0.5 1 0.000948798 -0.132614 
0.5 10.5 6 1 0.0222884 0.112179 
0.5 5.5 9.5 1 0.130592 0.273474 
10.5 5.5 9.5 1 -0.377916 0.357168 
0.5 6.5 -0.5 1 0.0661491 -0.176093 
0.5 8.5 -0.5 1 0.0311314 -0.152741 
0.5 8.5 4.5 1 0.0493256 0.0481949 
0.5 6.5 4.5 1 0.0866381 0.0407709 
0.5 2.5 2 1 0.16953 -0.109047 
0.5 4.5 2 1 0.118794 -0.0871995 
0.5 4.5 4.5 1 0.130611 0.0320217 
0.5 2.5 4.5 1 0.183202 0.0215577 
