0 0 0 1 0.265613 -0.163041 
0 0 6.5 1 0.248467 0.191392 
10 0 0 1 -0.0321428 -0.438664 
10 0 6.5 1 -0.0894014 0.208648 
10 10 0 1 -0.567141 -0.289962 
10 10 6.5 1 -0.632214 0.13143 
0 10 0 1 -0.147981 -0.127877 
0 10 6.5 1 -0.17522 0.146158 
0 5 10 1 -0.00454422 0.342295 
10 5 10 1 -0.459638 0.464875 
0 6 0 1 -0.0068047 -0.13988 
0 8 0 1 -0.0806826 -0.133598 
0 8 5 1 -0.100641 0.0854156 
0 6 5 1 -0.0256598 0.0899667 
0 2 2.5 1 0.15733 -0.0289346 
0 4 2.5 1 0.0660924 -0.0276917 
0 4 5 1 0.0572601 0.0949996 
0 2 5 1 0.14945 0.100595 
0.5 0.5 -0.5 1 0.231937 -0.194611 
0.5 0.5 6 1 0.213208 0.160282 
10.5 0.5 -0.5 1 -0.0965117 -0.498975 
10.5 0.5 6 1 -0.159763 0.149707 
10.5 10.5 -0.5 1 -0.61252 -0.328567 
10.5 10.5 6 1 -0.680439 0.0934273 
0.5 10.5 -0.5 1 -0.175743 -0.152253 
0.5 10.5 6 1 -0.204038 0.122055 
0.5 5.5 9.5 1 -0.0370235 0.315379 
10.5 5.5 9.5 1 -0.519344 0.41941 
0.5 6.5 -0.5 1 -0.0366878 -0.166701 
0.5 8.5 -0.5 1 -0.109469 -0.159139 
0.5 8.5 4.5 1 -0.130296 0.0600972 
0.5 6.5 4.5 1 -0.0564818 0.0633898 
0.5 2.5 2 1 0.124465 -0.0586072 
0.5 4.5 2 1 0.0345327 -0.0558039 
0.5 4.5 4.5 1 0.0251835 0.0670325 
0.5 2.5 4.5 1 0.116023 0.0710845 
