0 0 0 1 0.28799 -0.267974 
0 0 6.5 1 0.253064 0.0800382 
10 0 0 1 0.1988 -0.577715 
10 0 6.5 1 0.128484 0.123011 
10 10 0 1 -0.585442 -0.490921 
10 10 6.5 1 -0.636252 0.0157637 
0 10 0 1 -0.178836 -0.267385 
0 10 6.5 1 -0.208168 0.0250136 
0 5 10 1 -0.0147472 0.221247 
10 5 10 1 -0.347095 0.377421 
0 6 0 1 -0.0112327 -0.267596 
0 8 0 1 -0.0978012 -0.267487 
0 8 5 1 -0.121111 -0.0351378 
0 6 5 1 -0.0353406 -0.0273138 
0 2 2.5 1 0.167999 -0.138891 
0 4 2.5 1 0.0689751 -0.143324 
0 4 5 1 0.0564942 -0.0189366 
0 2 5 1 0.15506 -0.00994551 
0.5 0.5 -0.5 1 0.260247 -0.302949 
0.5 0.5 6 1 0.224766 0.0506005 
10.5 0.5 -0.5 1 0.139119 -0.659377 
10.5 0.5 6 1 0.0665177 0.0641674 
10.5 10.5 -0.5 1 -0.646509 -0.547416 
10.5 10.5 6 1 -0.698501 -0.0289076 
0.5 10.5 -0.5 1 -0.208311 -0.296688 
0.5 10.5 6 1 -0.238033 -0.000390772 
0.5 5.5 9.5 1 -0.044437 0.196452 
10.5 5.5 9.5 1 -0.411758 0.335207 
0.5 6.5 -0.5 1 -0.0403597 -0.298932 
0.5 8.5 -0.5 1 -0.127146 -0.297773 
0.5 8.5 4.5 1 -0.150777 -0.0622214 
0.5 6.5 4.5 1 -0.0648106 -0.0552238 
0.5 2.5 2 1 0.13945 -0.170587 
0.5 4.5 2 1 0.0399881 -0.173948 
0.5 4.5 4.5 1 0.0273232 -0.0477241 
0.5 2.5 4.5 1 0.126313 -0.0396664 
