0 0 0 1 0.267437 -0.176202 
0 0 6.5 1 0.248578 0.176935 
10 0 0 1 -0.0153433 -0.460801 
10 0 6.5 1 -0.0732629 0.18878 
10 10 0 1 -0.568208 -0.312198 
10 10 6.5 1 -0.63326 0.113559 
0 10 0 1 -0.150226 -0.142649 
0 10 6.5 1 -0.178099 0.132025 
0 5 10 1 -0.0059646 0.327355 
10 5 10 1 -0.45272 0.446893 
0 6 0 1 -0.00713319 -0.154145 
0 8 0 1 -0.0819455 -0.148135 
0 8 5 1 -0.102494 0.071295 
0 6 5 1 -0.0266983 0.0758999 
0 2 2.5 1 0.158065 -0.0425814 
0 4 2.5 1 0.0661864 -0.0415579 
0 4 5 1 0.0569253 0.0809805 
0 2 5 1 0.149656 0.0866143 
0.5 0.5 -0.5 1 0.234228 -0.208082 
0.5 0.5 6 1 0.213885 0.145883 
10.5 0.5 -0.5 1 -0.0796912 -0.522714 
10.5 0.5 6 1 -0.143358 0.129523 
10.5 10.5 -0.5 1 -0.614502 -0.351919 
10.5 10.5 6 1 -0.682379 0.0749978 
0.5 10.5 -0.5 1 -0.178054 -0.167387 
0.5 10.5 6 1 -0.206946 0.107789 
0.5 5.5 9.5 1 -0.0382041 0.300541 
10.5 5.5 9.5 1 -0.512935 0.401418 
0.5 6.5 -0.5 1 -0.0369229 -0.181317 
0.5 8.5 -0.5 1 -0.110725 -0.174032 
0.5 8.5 4.5 1 -0.132107 0.0458074 
0.5 6.5 4.5 1 -0.0573855 0.049178 
0.5 2.5 2 1 0.125549 -0.0724595 
0.5 4.5 2 1 0.0348474 -0.0699009 
0.5 4.5 4.5 1 0.0250952 0.0528985 
0.5 2.5 4.5 1 0.116609 0.0570266 
