0 0 0 1 0.262878 -0.264345 
0 0 6.5 1 0.307519 0.120783 
10 0 0 1 -0.365332 -0.293264 
10 0 6.5 1 -0.335619 0.196219 
10 10 0 1 -0.367239 -0.123873 
10 10 6.5 1 -0.350068 0.164024 
0 10 0 1 0.0381066 -0.127959 
0 10 6.5 1 0.0616888 0.120374 
0 5 10 1 0.174819 0.289832 
10 5 10 1 -0.332465 0.380752 
0 6 0 1 0.105683 -0.168963 
0 8 0 1 0.0693111 -0.146893 
0 8 5 1 0.0893227 0.0576398 
0 6 5 1 0.128087 0.0524057 
0 2 2.5 1 0.214489 -0.0952704 
0 4 2.5 1 0.161177 -0.075666 
0 4 5 1 0.173998 0.0462066 
0 2 5 1 0.229232 0.0387486 
0.5 0.5 -0.5 1 0.218135 -0.283197 
0.5 0.5 6 1 0.260399 0.0936322 
10.5 0.5 -0.5 1 -0.406333 -0.31625 
10.5 0.5 6 1 -0.379098 0.159907 
10.5 10.5 -0.5 1 -0.391635 -0.14001 
10.5 10.5 6 1 -0.375321 0.143232 
0.5 10.5 -0.5 1 0.0118694 -0.141906 
0.5 10.5 6 1 0.03459 0.102955 
0.5 5.5 9.5 1 0.139552 0.265633 
10.5 5.5 9.5 1 -0.365193 0.349969 
0.5 6.5 -0.5 1 0.0741804 -0.184589 
0.5 8.5 -0.5 1 0.0406746 -0.161638 
0.5 8.5 4.5 1 0.0599082 0.0398341 
0.5 6.5 4.5 1 0.0956518 0.0331971 
0.5 2.5 2 1 0.174503 -0.115451 
0.5 4.5 2 1 0.125634 -0.0943497 
0.5 4.5 4.5 1 0.137878 0.0253564 
0.5 2.5 4.5 1 0.188527 0.0159517 
