0 0 0 1 -0.432304 -0.427601 
0 0 6.5 1 -0.446419 -0.094178 
10 0 0 1 0.000970592 -0.327499 
10 0 6.5 1 -0.0210954 -0.0663679 
10 10 0 1 0.321813 -0.416108 
10 10 6.5 1 0.276844 -0.0231844 
0 10 0 1 -0.285216 -0.634489 
0 10 6.5 1 -0.317457 -0.0512841 
0 5 10 1 -0.40903 0.13624 
10 5 10 1 0.082908 0.112194 
0 6 0 1 -0.364554 -0.522895 
0 8 0 1 -0.330099 -0.571359 
0 8 5 1 -0.35037 -0.176856 
0 6 5 1 -0.381412 -0.174305 
0 2 2.5 1 -0.42028 -0.310063 
0 4 2.5 1 -0.399119 -0.326045 
0 4 5 1 -0.406185 -0.172269 
0 2 5 1 -0.426413 -0.170607 
0.5 0.5 -0.5 1 -0.399065 -0.453881 
0.5 0.5 6 1 -0.414392 -0.116223 
10.5 0.5 -0.5 1 0.0305828 -0.347268 
10.5 0.5 6 1 0.00758844 -0.0835393 
10.5 10.5 -0.5 1 0.370759 -0.447214 
10.5 10.5 6 1 0.323389 -0.0483859 
0.5 10.5 -0.5 1 -0.223625 -0.68487 
0.5 10.5 6 1 -0.259854 -0.08862 
0.5 5.5 9.5 1 -0.368857 0.111817 
10.5 5.5 9.5 1 0.117739 0.0936228 
0.5 6.5 -0.5 1 -0.318604 -0.559819 
0.5 8.5 -0.5 1 -0.277456 -0.613994 
0.5 8.5 4.5 1 -0.300028 -0.211764 
0.5 6.5 4.5 1 -0.33723 -0.205203 
0.5 2.5 2 1 -0.384238 -0.337117 
0.5 4.5 2 1 -0.359071 -0.356108 
0.5 4.5 4.5 1 -0.366825 -0.199983 
0.5 2.5 4.5 1 -0.39093 -0.195732 
