0 0 0 1 -0.72009 -0.557173 
0 0 6.5 1 -0.636775 -0.034608 
10 0 0 1 -0.234273 -0.391119 
10 0 6.5 1 -0.203646 -0.0880469 
10 10 0 1 0.237904 -0.48834 
10 10 6.5 1 0.253007 -0.115779 
0 10 0 1 0.0352559 -0.837167 
0 10 6.5 1 0.083949 -0.0668588 
0 5 10 1 -0.303913 0.249531 
10 5 10 1 0.0150018 0.0679702 
0 6 0 1 -0.338318 -0.698689 
0 8 0 1 -0.167511 -0.762005 
0 8 5 1 -0.118703 -0.209881 
0 6 5 1 -0.282517 -0.191308 
0 2 2.5 1 -0.577625 -0.373565 
0 4 2.5 1 -0.453076 -0.402976 
0 4 5 1 -0.42378 -0.175292 
0 2 5 1 -0.546848 -0.161339 
0.5 0.5 -0.5 1 -0.659967 -0.594704 
0.5 0.5 6 1 -0.5817 -0.0772155 
10.5 0.5 -0.5 1 -0.203732 -0.414346 
10.5 0.5 6 1 -0.174533 -0.112972 
10.5 10.5 -0.5 1 0.270117 -0.515677 
10.5 10.5 6 1 0.283573 -0.145703 
0.5 10.5 -0.5 1 0.106034 -0.88562 
0.5 10.5 6 1 0.147315 -0.12653 
0.5 5.5 9.5 1 -0.247238 0.196948 
10.5 5.5 9.5 1 0.044204 0.0398315 
0.5 6.5 -0.5 1 -0.271444 -0.742259 
0.5 8.5 -0.5 1 -0.0985228 -0.807933 
0.5 8.5 4.5 1 -0.0551813 -0.263328 
0.5 6.5 4.5 1 -0.220708 -0.241203 
0.5 2.5 2 1 -0.517492 -0.41543 
0.5 4.5 2 1 -0.390869 -0.447258 
0.5 4.5 4.5 1 -0.363824 -0.222073 
0.5 2.5 4.5 1 -0.488792 -0.20537 
