0 0 0 1 0.336941 -0.614789 
0 0 6.5 1 0.337764 -0.130904 
10 0 0 1 -0.3782 -0.550319 
10 0 6.5 1 -0.328099 -0.0952775 
10 10 0 1 -0.195433 -0.395028 
10 10 6.5 1 -0.17258 -0.124219 
0 10 0 1 0.224569 -0.427199 
0 10 6.5 1 0.229933 -0.146409 
0 5 10 1 0.272464 0.0352035 
10 5 10 1 -0.215613 0.0552779 
0 6 0 1 0.255858 -0.479432 
0 8 0 1 0.238775 -0.450913 
0 8 5 1 0.242791 -0.212536 
0 6 5 1 0.259577 -0.216731 
0 2 2.5 1 0.304205 -0.388954 
0 4 2.5 1 0.278422 -0.364769 
0 4 5 1 0.279979 -0.221829 
0 2 5 1 0.305306 -0.228158 
0.5 0.5 -0.5 1 0.290892 -0.634654 
0.5 0.5 6 1 0.294934 -0.163831 
10.5 0.5 -0.5 1 -0.400046 -0.571104 
10.5 0.5 6 1 -0.349905 -0.127604 
10.5 10.5 -0.5 1 -0.211875 -0.410333 
10.5 10.5 6 1 -0.188744 -0.143635 
0.5 10.5 -0.5 1 0.199668 -0.442394 
0.5 10.5 6 1 0.205996 -0.166029 
0.5 5.5 9.5 1 0.242522 0.00744946 
10.5 5.5 9.5 1 -0.23417 0.0281095 
0.5 6.5 -0.5 1 0.225319 -0.496455 
0.5 8.5 -0.5 1 0.211338 -0.46699 
0.5 8.5 4.5 1 0.216261 -0.23276 
0.5 6.5 4.5 1 0.23016 -0.238788 
0.5 2.5 2 1 0.265746 -0.412139 
0.5 4.5 2 1 0.244728 -0.386056 
0.5 4.5 4.5 1 0.24698 -0.246082 
0.5 2.5 4.5 1 0.267752 -0.25509 
