0 0 0 1 0.256256 -0.0420698 
0 0 6.5 1 0.258674 0.331385 
10 0 0 1 -0.176498 -0.222261 
10 0 6.5 1 -0.225447 0.416224 
10 10 0 1 -0.546747 -0.0869186 
10 10 6.5 1 -0.603058 0.303512 
0 10 0 1 -0.117366 0.0052389 
0 10 6.5 1 -0.134398 0.277601 
0 5 10 1 0.0243396 0.485497 
10 5 10 1 -0.497619 0.645271 
0 6 0 1 0.0056372 -0.010336 
0 8 0 1 -0.0592899 -0.00211478 
0 8 5 1 -0.0706432 0.216697 
0 6 5 1 -0.00362763 0.221584 
0 2 2.5 1 0.160111 0.098521 
0 4 2.5 1 0.0755117 0.101004 
0 4 5 1 0.0721736 0.227111 
0 2 5 1 0.158609 0.233413 
0.5 0.5 -0.5 1 0.217963 -0.0709891 
0.5 0.5 6 1 0.217719 0.299427 
10.5 0.5 -0.5 1 -0.239015 -0.270114 
10.5 0.5 6 1 -0.295377 0.359396 
10.5 10.5 -0.5 1 -0.584788 -0.117174 
10.5 10.5 6 1 -0.643714 0.269907 
0.5 10.5 -0.5 1 -0.144864 -0.0161561 
0.5 10.5 6 1 -0.163241 0.254587 
0.5 5.5 9.5 1 -0.0105947 0.457428 
10.5 5.5 9.5 1 -0.551574 0.599694 
0.5 6.5 -0.5 1 -0.0253598 -0.0342164 
0.5 8.5 -0.5 1 -0.0884332 -0.0246843 
0.5 8.5 4.5 1 -0.100939 0.192759 
0.5 6.5 4.5 1 -0.0359315 0.196165 
0.5 2.5 2 1 0.123759 0.0705402 
0.5 4.5 2 1 0.0416798 0.0748061 
0.5 4.5 4.5 1 0.0375777 0.200017 
0.5 2.5 4.5 1 0.121374 0.204408 
