0 0 0 1 0.268374 -0.272289 
0 0 6.5 1 0.31274 0.118972 
10 0 0 1 -0.371011 -0.280247 
10 0 6.5 1 -0.334419 0.202487 
10 10 0 1 -0.349352 -0.128235 
10 10 6.5 1 -0.327736 0.154727 
0 10 0 1 0.055036 -0.141127 
0 10 6.5 1 0.0799383 0.107737 
0 5 10 1 0.187734 0.280432 
10 5 10 1 -0.315082 0.370637 
0 6 0 1 0.118591 -0.180201 
0 8 0 1 0.0843218 -0.159132 
0 8 5 1 0.10528 0.0465851 
0 6 5 1 0.141803 0.0429716 
0 2 2.5 1 0.222824 -0.101958 
0 4 2.5 1 0.172132 -0.0841211 
0 4 5 1 0.185216 0.0386765 
0 2 5 1 0.237671 0.0334868 
0.5 0.5 -0.5 1 0.223192 -0.291329 
0.5 0.5 6 1 0.265605 0.0912707 
10.5 0.5 -0.5 1 -0.41015 -0.303317 
10.5 0.5 6 1 -0.375588 0.166303 
10.5 10.5 -0.5 1 -0.372922 -0.144207 
10.5 10.5 6 1 -0.352017 0.134199 
0.5 10.5 -0.5 1 0.0288776 -0.155067 
0.5 10.5 6 1 0.0530715 0.090266 
0.5 5.5 9.5 1 0.152799 0.256019 
10.5 5.5 9.5 1 -0.346262 0.340308 
0.5 6.5 -0.5 1 0.0870706 -0.195875 
0.5 8.5 -0.5 1 0.0557252 -0.173894 
0.5 8.5 4.5 1 0.0760434 0.0286892 
0.5 6.5 4.5 1 0.109516 0.0236138 
0.5 2.5 2 1 0.182726 -0.12239 
0.5 4.5 2 1 0.136584 -0.102974 
0.5 4.5 4.5 1 0.149195 0.0175972 
0.5 2.5 4.5 1 0.196983 0.0103511 
