0 0 0 1 0.159457 -0.373467 
0 0 6.5 1 0.11417 0.271804 
10 0 0 1 -0.234321 -0.189372 
10 0 6.5 1 -0.274493 0.16861 
10 10 0 1 0.153817 -0.0893783 
10 10 6.5 1 0.135166 0.182411 
0 10 0 1 0.598518 -0.156816 
0 10 6.5 1 0.590215 0.253695 
0 5 10 1 0.396257 0.554693 
10 5 10 1 -0.0558241 0.351706 
0 6 0 1 0.467585 -0.221423 
0 8 0 1 0.53817 -0.186594 
0 8 5 1 0.529094 0.150166 
0 6 5 1 0.454854 0.143648 
0 2 2.5 1 0.271186 -0.098263 
0 4 2.5 1 0.375269 -0.067744 
0 4 5 1 0.366241 0.135868 
0 2 5 1 0.258634 0.126421 
0.5 0.5 -0.5 1 0.161865 -0.385459 
0.5 0.5 6 1 0.120022 0.212258 
10.5 0.5 -0.5 1 -0.21748 -0.203527 
10.5 0.5 6 1 -0.255377 0.139342 
10.5 10.5 -0.5 1 0.155052 -0.103215 
10.5 10.5 6 1 0.137013 0.159781 
0.5 10.5 -0.5 1 0.58062 -0.17426 
0.5 10.5 6 1 0.571931 0.21651 
0.5 5.5 9.5 1 0.38456 0.490494 
10.5 5.5 9.5 1 -0.0468563 0.319455 
0.5 6.5 -0.5 1 0.453548 -0.238349 
0.5 8.5 -0.5 1 0.521816 -0.203919 
0.5 8.5 4.5 1 0.51261 0.115615 
0.5 6.5 4.5 1 0.440961 0.10656 
0.5 2.5 2 1 0.266403 -0.126614 
0.5 4.5 2 1 0.364967 -0.0953075 
0.5 4.5 4.5 1 0.35625 0.0958529 
0.5 2.5 4.5 1 0.254547 0.0829988 
