0 0 0 1 -0.159813 -0.0233363 
0 0 6.5 1 -0.169119 0.233008 
10 0 0 1 0.230072 -0.0287301 
10 0 6.5 1 0.241461 0.235549 
10 10 0 1 0.325057 -0.174862 
10 10 6.5 1 0.352921 0.258048 
0 10 0 1 -0.303694 -0.159312 
0 10 6.5 1 -0.331486 0.252691 
0 5 10 1 -0.23935 0.428241 
10 5 10 1 0.292913 0.439719 
0 6 0 1 -0.229407 -0.0891071 
0 8 0 1 -0.262564 -0.120442 
0 8 5 1 -0.278774 0.157268 
0 6 5 1 -0.242248 0.161916 
0 2 2.5 1 -0.183409 0.0613586 
0 4 2.5 1 -0.207176 0.0485685 
0 4 5 1 -0.21248 0.165704 
0 2 5 1 -0.187753 0.16885 
0.5 0.5 -0.5 1 -0.144455 -0.0469738 
0.5 0.5 6 1 -0.15311 0.212626 
10.5 0.5 -0.5 1 0.252623 -0.0531925 
10.5 0.5 6 1 0.265455 0.214548 
10.5 10.5 -0.5 1 0.364939 -0.219349 
10.5 10.5 6 1 0.397407 0.22284 
0.5 10.5 -0.5 1 -0.282743 -0.201218 
0.5 10.5 6 1 -0.309492 0.219189 
0.5 5.5 9.5 1 -0.220174 0.406245 
10.5 5.5 9.5 1 0.325588 0.417055 
0.5 6.5 -0.5 1 -0.210995 -0.121192 
0.5 8.5 -0.5 1 -0.242927 -0.156807 
0.5 8.5 4.5 1 -0.258388 0.125828 
0.5 6.5 4.5 1 -0.223154 0.13386 
0.5 2.5 2 1 -0.166861 0.0367838 
0.5 4.5 2 1 -0.189582 0.0214695 
0.5 4.5 4.5 1 -0.194573 0.140376 
0.5 2.5 4.5 1 -0.170924 0.145767 
