0 0 0 1 0.144051 -0.353704 
0 0 6.5 1 0.0999383 0.297017 
10 0 0 1 -0.236082 -0.17142 
10 0 6.5 1 -0.276022 0.186736 
10 10 0 1 0.156464 -0.0755721 
10 10 6.5 1 0.138928 0.197944 
0 10 0 1 0.600507 -0.143695 
0 10 6.5 1 0.595504 0.272761 
0 5 10 1 0.395036 0.581982 
10 5 10 1 -0.0545163 0.369739 
0 6 0 1 0.463736 -0.206621 
0 8 0 1 0.5374 -0.172729 
0 8 5 1 0.53073 0.168274 
0 6 5 1 0.453236 0.162666 
0 2 2.5 1 0.260835 -0.0792274 
0 4 2.5 1 0.368955 -0.0501055 
0 4 5 1 0.360914 0.155985 
0 2 5 1 0.249055 0.14789 
0.5 0.5 -0.5 1 0.148342 -0.366442 
0.5 0.5 6 1 0.107775 0.235669 
10.5 0.5 -0.5 1 -0.218703 -0.185891 
10.5 0.5 6 1 -0.256303 0.157049 
10.5 10.5 -0.5 1 0.157987 -0.089608 
10.5 10.5 6 1 0.141044 0.174953 
0.5 10.5 -0.5 1 0.582832 -0.161505 
0.5 10.5 6 1 0.577233 0.234532 
0.5 5.5 9.5 1 0.383917 0.515653 
10.5 5.5 9.5 1 -0.0450998 0.336958 
0.5 6.5 -0.5 1 0.450374 -0.223981 
0.5 8.5 -0.5 1 0.521468 -0.190448 
0.5 8.5 4.5 1 0.514519 0.132802 
0.5 6.5 4.5 1 0.439886 0.124568 
0.5 2.5 2 1 0.257419 -0.108431 
0.5 4.5 2 1 0.359595 -0.0784206 
0.5 4.5 4.5 1 0.351815 0.114852 
0.5 2.5 4.5 1 0.246319 0.103213 
