0 0 0 1 0.189551 -0.41328 
0 0 6.5 1 0.14175 0.222247 
10 0 0 1 -0.230861 -0.225989 
10 0 6.5 1 -0.271247 0.132148 
10 10 0 1 0.148608 -0.117759 
10 10 6.5 1 0.127937 0.15095 
0 10 0 1 0.59454 -0.183803 
0 10 6.5 1 0.58002 0.215718 
0 5 10 1 0.398579 0.501357 
10 5 10 1 -0.0581215 0.315555 
0 6 0 1 0.474887 -0.251602 
0 8 0 1 0.539508 -0.214986 
0 8 5 1 0.525847 0.11397 
0 6 5 1 0.457857 0.105751 
0 2 2.5 1 0.291188 -0.136329 
0 4 2.5 1 0.387366 -0.103144 
0 4 5 1 0.376417 0.0959073 
0 2 5 1 0.277096 0.0839019 
0.5 0.5 -0.5 1 0.188299 -0.423919 
0.5 0.5 6 1 0.143811 0.166052 
10.5 0.5 -0.5 1 -0.215107 -0.239557 
10.5 0.5 6 1 -0.253359 0.103659 
10.5 10.5 -0.5 1 0.149269 -0.131233 
10.5 10.5 6 1 0.129242 0.128993 
0.5 10.5 -0.5 1 0.576221 -0.200588 
0.5 10.5 6 1 0.561708 0.180462 
0.5 5.5 9.5 1 0.385798 0.441108 
10.5 5.5 9.5 1 -0.0500577 0.284302 
0.5 6.5 -0.5 1 0.459567 -0.267748 
0.5 8.5 -0.5 1 0.522351 -0.231602 
0.5 8.5 4.5 1 0.508849 0.0811202 
0.5 6.5 4.5 1 0.442942 0.0705258 
0.5 2.5 2 1 0.283789 -0.163126 
0.5 4.5 2 1 0.375272 -0.129336 
0.5 4.5 4.5 1 0.364737 0.0579547 
0.5 2.5 4.5 1 0.27044 0.0427966 
