0 0 0 1 -0.406056 -0.405146 
0 0 6.5 1 -0.426133 -0.0838638 
10 0 0 1 0.0188392 -0.30742 
10 0 6.5 1 -0.00509027 -0.0498851 
10 10 0 1 0.324352 -0.40334 
10 10 6.5 1 0.279803 -0.0115851 
0 10 0 1 -0.288563 -0.615421 
0 10 6.5 1 -0.327672 -0.0543126 
0 5 10 1 -0.40366 0.137512 
10 5 10 1 0.0920014 0.127138 
0 6 0 1 -0.351832 -0.502191 
0 8 0 1 -0.324325 -0.55142 
0 8 5 1 -0.349884 -0.172908 
0 6 5 1 -0.373869 -0.167491 
0 2 2.5 1 -0.400069 -0.294232 
0 4 2.5 1 -0.383423 -0.311572 
0 4 5 1 -0.392995 -0.163171 
0 2 5 1 -0.408602 -0.159646 
0.5 0.5 -0.5 1 -0.374333 -0.430636 
0.5 0.5 6 1 -0.395349 -0.105288 
10.5 0.5 -0.5 1 0.0480573 -0.326988 
10.5 0.5 6 1 0.0233828 -0.0668435 
10.5 10.5 -0.5 1 0.373297 -0.434637 
10.5 10.5 6 1 0.326795 -0.0368152 
0.5 10.5 -0.5 1 -0.230273 -0.664528 
0.5 10.5 6 1 -0.27242 -0.0909194 
0.5 5.5 9.5 1 -0.3649 0.113749 
10.5 5.5 9.5 1 0.126936 0.108776 
0.5 6.5 -0.5 1 -0.308146 -0.538094 
0.5 8.5 -0.5 1 -0.274376 -0.592923 
0.5 8.5 4.5 1 -0.301692 -0.207043 
0.5 6.5 4.5 1 -0.33154 -0.197642 
0.5 2.5 2 1 -0.3656 -0.320534 
0.5 4.5 2 1 -0.345158 -0.340833 
0.5 4.5 4.5 1 -0.355261 -0.190171 
0.5 2.5 4.5 1 -0.374567 -0.184091 
