0 0 0 1 -0.534492 -0.44827 
0 0 6.5 1 -0.51826 -0.0703211 
10 0 0 1 -0.0719664 -0.357482 
10 0 6.5 1 -0.0811066 -0.0843143 
10 10 0 1 0.300586 -0.417681 
10 10 6.5 1 0.263694 -0.0276162 
0 10 0 1 -0.253343 -0.61618 
0 10 6.5 1 -0.255351 0.0298984 
0 5 10 1 -0.413678 0.194692 
10 5 10 1 0.052406 0.0983926 
0 6 0 1 -0.404328 -0.526008 
0 8 0 1 -0.338567 -0.565282 
0 8 5 1 -0.33386 -0.12075 
0 6 5 1 -0.39592 -0.131503 
0 2 2.5 1 -0.493048 -0.303991 
0 4 2.5 1 -0.451144 -0.312209 
0 4 5 1 -0.445994 -0.140179 
0 2 5 1 -0.487248 -0.147327 
0.5 0.5 -0.5 1 -0.495395 -0.478003 
0.5 0.5 6 1 -0.481496 -0.0956988 
10.5 0.5 -0.5 1 -0.0414858 -0.378416 
10.5 0.5 6 1 -0.0520642 -0.102969 
10.5 10.5 -0.5 1 0.347377 -0.448383 
10.5 10.5 6 1 0.3072 -0.0536532 
0.5 10.5 -0.5 1 -0.181491 -0.670256 
0.5 10.5 6 1 -0.191018 -0.0113987 
0.5 5.5 9.5 1 -0.368706 0.166325 
10.5 5.5 9.5 1 0.0862362 0.0781439 
0.5 6.5 -0.5 1 -0.350475 -0.566761 
0.5 8.5 -0.5 1 -0.276992 -0.611766 
0.5 8.5 4.5 1 -0.276689 -0.15945 
0.5 6.5 4.5 1 -0.345465 -0.166125 
0.5 2.5 2 1 -0.451143 -0.334541 
0.5 4.5 2 1 -0.404691 -0.345889 
0.5 4.5 4.5 1 -0.400852 -0.171501 
0.5 2.5 4.5 1 -0.446412 -0.175922 
