0 0 0 1 0.270402 -0.274737 
0 0 6.5 1 0.31442 0.118601 
10 0 0 1 -0.372377 -0.276264 
10 0 6.5 1 -0.333704 0.204074 
10 10 0 1 -0.343293 -0.130216 
10 10 6.5 1 -0.320402 0.151169 
0 10 0 1 0.0608153 -0.145703 
0 10 6.5 1 0.0859835 0.103409 
0 5 10 1 0.191902 0.277308 
10 5 10 1 -0.309393 0.366835 
0 6 0 1 0.123068 -0.184029 
0 8 0 1 0.0894816 -0.163352 
0 8 5 1 0.110616 0.0428158 
0 6 5 1 0.146401 0.0397975 
0 2 2.5 1 0.225715 -0.104072 
0 4 2.5 1 0.175895 -0.0869167 
0 4 5 1 0.188985 0.0362057 
0 2 5 1 0.240507 0.0318599 
0.5 0.5 -0.5 1 0.225092 -0.293895 
0.5 0.5 6 1 0.267316 0.0906661 
10.5 0.5 -0.5 1 -0.41089 -0.29942 
10.5 0.5 6 1 -0.374103 0.167895 
10.5 10.5 -0.5 1 -0.36659 -0.146164 
10.5 10.5 6 1 -0.344363 0.130703 
0.5 10.5 -0.5 1 0.0346871 -0.15967 
0.5 10.5 6 1 0.0592019 0.085893 
0.5 5.5 9.5 1 0.157097 0.252793 
10.5 5.5 9.5 1 -0.34006 0.336631 
0.5 6.5 -0.5 1 0.0915494 -0.199755 
0.5 8.5 -0.5 1 0.0609038 -0.178152 
0.5 8.5 4.5 1 0.0814476 0.0248592 
0.5 6.5 4.5 1 0.114175 0.0203557 
0.5 2.5 2 1 0.185597 -0.124634 
0.5 4.5 2 1 0.140358 -0.105867 
0.5 4.5 4.5 1 0.153013 0.0150114 
0.5 2.5 4.5 1 0.199847 0.0085668 
