0 0 0 1 0.382505 -0.684203 
0 0 6.5 1 0.354484 -0.155741 
10 0 0 1 -0.343648 -0.602271 
10 0 6.5 1 -0.309492 -0.151721 
10 10 0 1 -0.118389 -0.444262 
10 10 6.5 1 -0.108387 -0.171262 
0 10 0 1 0.313862 -0.475204 
0 10 6.5 1 0.301118 -0.175426 
0 5 10 1 0.312318 0.0167947 
10 5 10 1 -0.177036 0.00247321 
0 6 0 1 0.332646 -0.532395 
0 8 0 1 0.322359 -0.501075 
0 8 5 1 0.311134 -0.245109 
0 6 5 1 0.319772 -0.249253 
0 2 2.5 1 0.35219 -0.434437 
0 4 2.5 1 0.337621 -0.408068 
0 4 5 1 0.330329 -0.254318 
0 2 5 1 0.343521 -0.260647 
0.5 0.5 -0.5 1 0.337999 -0.704915 
0.5 0.5 6 1 0.314936 -0.192737 
10.5 0.5 -0.5 1 -0.358335 -0.622693 
10.5 0.5 6 1 -0.324052 -0.183992 
10.5 10.5 -0.5 1 -0.131826 -0.459876 
10.5 10.5 6 1 -0.121351 -0.191245 
0.5 10.5 -0.5 1 0.28978 -0.491632 
0.5 10.5 6 1 0.278589 -0.197121 
0.5 5.5 9.5 1 0.284816 -0.0141853 
10.5 5.5 9.5 1 -0.190903 -0.025148 
0.5 6.5 -0.5 1 0.303134 -0.5507 
0.5 8.5 -0.5 1 0.295836 -0.518419 
0.5 8.5 4.5 1 0.28607 -0.267451 
0.5 6.5 4.5 1 0.292053 -0.273669 
0.5 2.5 2 1 0.31563 -0.459843 
0.5 4.5 2 1 0.305531 -0.431399 
0.5 4.5 4.5 1 0.299327 -0.28123 
0.5 2.5 4.5 1 0.308361 -0.290621 
