0 0 0 1 0.107203 -0.416108 
0 0 6.5 1 0.119479 -0.132072 
10 0 0 1 0.581506 -0.568004 
10 0 6.5 1 0.570451 -0.145603 
10 10 0 1 0.164643 -0.805536 
10 10 6.5 1 0.188108 -0.0914308 
0 10 0 1 -0.304339 -0.487596 
0 10 6.5 1 -0.264067 -0.0960649 
0 5 10 1 -0.0315203 0.04758 
10 5 10 1 0.424339 0.128808 
0 6 0 1 -0.106686 -0.453262 
0 8 0 1 -0.198427 -0.469198 
0 8 5 1 -0.173588 -0.18573 
0 6 5 1 -0.0870056 -0.188639 
0 2 2.5 1 0.0505479 -0.308203 
0 4 2.5 1 -0.0185225 -0.312955 
0 4 5 1 -0.0108851 -0.191197 
0 2 5 1 0.056562 -0.193463 
0.5 0.5 -0.5 1 0.107357 -0.447669 
0.5 0.5 6 1 0.120035 -0.152818 
10.5 0.5 -0.5 1 0.606632 -0.623617 
10.5 0.5 6 1 0.593427 -0.176908 
10.5 10.5 -0.5 1 0.170393 -0.926054 
10.5 10.5 6 1 0.195182 -0.139756 
0.5 10.5 -0.5 1 -0.324226 -0.535432 
0.5 10.5 6 1 -0.280916 -0.123058 
0.5 5.5 9.5 1 -0.0365647 0.0308982 
10.5 5.5 9.5 1 0.443356 0.107355 
0.5 6.5 -0.5 1 -0.115491 -0.492986 
0.5 8.5 -0.5 1 -0.212038 -0.512618 
0.5 8.5 4.5 1 -0.185535 -0.215015 
0.5 6.5 4.5 1 -0.094661 -0.216083 
0.5 2.5 2 1 0.0486567 -0.337179 
0.5 4.5 2 1 -0.0231968 -0.343966 
0.5 4.5 4.5 1 -0.0151821 -0.217016 
0.5 2.5 4.5 1 0.0549185 -0.21784 
