0 0 0 1 0.174634 -0.39344 
0 0 6.5 1 0.128118 0.246747 
10 0 0 1 -0.232568 -0.207632 
10 0 6.5 1 -0.272887 0.150335 
10 10 0 1 0.151205 -0.103497 
10 10 6.5 1 0.13151 0.166686 
0 10 0 1 0.596532 -0.170263 
0 10 6.5 1 0.585056 0.234597 
0 5 10 1 0.39744 0.52771 
10 5 10 1 -0.0570161 0.333573 
0 6 0 1 0.471306 -0.236505 
0 8 0 1 0.538876 -0.200762 
0 8 5 1 0.527469 0.131976 
0 6 5 1 0.456397 0.124581 
0 2 2.5 1 0.281311 -0.117406 
0 4 2.5 1 0.381411 -0.0855228 
0 4 5 1 0.371413 0.115738 
0 2 5 1 0.267988 0.104977 
0.5 0.5 -0.5 1 0.175195 -0.404725 
0.5 0.5 6 1 0.132044 0.188929 
10.5 0.5 -0.5 1 -0.216269 -0.221484 
10.5 0.5 6 1 -0.254383 0.121469 
10.5 10.5 -0.5 1 0.152153 -0.117144 
10.5 10.5 6 1 0.133086 0.144402 
0.5 10.5 -0.5 1 0.57842 -0.187363 
0.5 10.5 6 1 0.566759 0.198406 
0.5 5.5 9.5 1 0.38519 0.465543 
10.5 5.5 9.5 1 -0.0484996 0.301834 
0.5 6.5 -0.5 1 0.456617 -0.253022 
0.5 8.5 -0.5 1 0.522114 -0.217716 
0.5 8.5 4.5 1 0.510723 0.0983039 
0.5 6.5 4.5 1 0.441983 0.088455 
0.5 2.5 2 1 0.275201 -0.144948 
0.5 4.5 2 1 0.370198 -0.112374 
0.5 4.5 4.5 1 0.360562 0.0767891 
0.5 2.5 4.5 1 0.262595 0.0627525 
