0 0 0 1 0.170959 -0.402314 
0 0 6.5 1 0.166505 -0.106493 
10 0 0 1 0.660912 -0.533559 
10 0 6.5 1 0.612202 -0.0606708 
10 10 0 1 0.0597182 -0.716796 
10 10 6.5 1 0.0635719 0.0274562 
0 10 0 1 -0.281141 -0.454929 
0 10 6.5 1 -0.255193 -0.0719046 
0 5 10 1 -0.0148181 0.0719827 
10 5 10 1 0.378761 0.238904 
0 6 0 1 -0.0709271 -0.430464 
0 8 0 1 -0.170017 -0.441996 
0 8 5 1 -0.156585 -0.159447 
0 6 5 1 -0.0630531 -0.163028 
0 2 2.5 1 0.0980078 -0.287233 
0 4 2.5 1 0.0196919 -0.290153 
0 4 5 1 0.0213198 -0.166259 
0 2 5 1 0.0978161 -0.169188 
0.5 0.5 -0.5 1 0.169104 -0.433567 
0.5 0.5 6 1 0.164602 -0.125831 
10.5 0.5 -0.5 1 0.687245 -0.592994 
10.5 0.5 6 1 0.633508 -0.0889422 
10.5 10.5 -0.5 1 0.0435417 -0.83382 
10.5 10.5 6 1 0.0500058 -0.00933672 
0.5 10.5 -0.5 1 -0.305258 -0.498646 
0.5 10.5 6 1 -0.276394 -0.0954077 
0.5 5.5 9.5 1 -0.023683 0.0575656 
10.5 5.5 9.5 1 0.388632 0.225166 
0.5 6.5 -0.5 1 -0.0833829 -0.468207 
0.5 8.5 -0.5 1 -0.187684 -0.482516 
0.5 8.5 4.5 1 -0.172725 -0.185733 
0.5 6.5 4.5 1 -0.0745547 -0.188051 
0.5 2.5 2 1 0.0933825 -0.315002 
0.5 4.5 2 1 0.0117516 -0.319483 
0.5 4.5 4.5 1 0.0136344 -0.190133 
0.5 2.5 4.5 1 0.0932905 -0.192013 
