0 0 0 1 0.332112 -0.595924 
0 0 6.5 1 0.335917 -0.118283 
10 0 0 1 -0.379956 -0.533988 
10 0 6.5 1 -0.328836 -0.0798213 
10 10 0 1 -0.202879 -0.382363 
10 10 6.5 1 -0.178963 -0.112238 
0 10 0 1 0.215496 -0.414351 
0 10 6.5 1 0.222621 -0.136072 
0 5 10 1 0.268357 0.0452035 
10 5 10 1 -0.219192 0.0686521 
0 6 0 1 0.248054 -0.465044 
0 8 0 1 0.230286 -0.437379 
0 8 5 1 0.235789 -0.201361 
0 6 5 1 0.253405 -0.205115 
0 2 2.5 1 0.299229 -0.374322 
0 4 2.5 1 0.272353 -0.351136 
0 4 5 1 0.274796 -0.209673 
0 2 5 1 0.301323 -0.215326 
0.5 0.5 -0.5 1 0.286045 -0.615895 
0.5 0.5 6 1 0.292844 -0.150963 
10.5 0.5 -0.5 1 -0.402561 -0.554991 
10.5 0.5 6 1 -0.351422 -0.112303 
10.5 10.5 -0.5 1 -0.219629 -0.397692 
10.5 10.5 6 1 -0.195462 -0.131654 
0.5 10.5 -0.5 1 0.190539 -0.429483 
0.5 10.5 6 1 0.198556 -0.155545 
0.5 5.5 9.5 1 0.238191 0.0176764 
10.5 5.5 9.5 1 -0.23825 0.041437 
0.5 6.5 -0.5 1 0.21746 -0.482028 
0.5 8.5 -0.5 1 0.202793 -0.453401 
0.5 8.5 4.5 1 0.209135 -0.221445 
0.5 6.5 4.5 1 0.22385 -0.22702 
0.5 2.5 2 1 0.260659 -0.397417 
0.5 4.5 2 1 0.238553 -0.372323 
0.5 4.5 4.5 1 0.241643 -0.233763 
0.5 2.5 4.5 1 0.263595 -0.242081 
