0 0 0 1 0.278007 -0.381419 
0 0 6.5 1 0.242686 -0.0611975 
10 0 0 1 0.694339 -0.627077 
10 0 6.5 1 0.602527 -0.00986867 
10 10 0 1 -0.294976 -0.825356 
10 10 6.5 1 -0.332191 -0.0817687 
0 10 0 1 -0.226752 -0.452222 
0 10 6.5 1 -0.247398 -0.101 
0 5 10 1 -0.00656706 0.0909258 
10 5 10 1 0.140228 0.284758 
0 6 0 1 -0.01407 -0.422389 
0 8 0 1 -0.118485 -0.437035 
0 8 5 1 -0.137126 -0.169856 
0 6 5 1 -0.0351484 -0.160226 
0 2 2.5 1 0.171114 -0.266635 
0 4 2.5 1 0.0748713 -0.277896 
0 4 5 1 0.0633562 -0.150924 
0 2 5 1 0.158562 -0.141933 
0.5 0.5 -0.5 1 0.268146 -0.417578 
0.5 0.5 6 1 0.232061 -0.0862455 
10.5 0.5 -0.5 1 0.701244 -0.715013 
10.5 0.5 6 1 0.603498 -0.055226 
10.5 10.5 -0.5 1 -0.363173 -0.947179 
10.5 10.5 6 1 -0.397782 -0.141087 
0.5 10.5 -0.5 1 -0.255245 -0.494314 
0.5 10.5 6 1 -0.275548 -0.129697 
0.5 5.5 9.5 1 -0.0253519 0.0700785 
10.5 5.5 9.5 1 0.112258 0.255656 
0.5 6.5 -0.5 1 -0.0343353 -0.461925 
0.5 8.5 -0.5 1 -0.14272 -0.477816 
0.5 8.5 4.5 1 -0.161312 -0.200571 
0.5 6.5 4.5 1 -0.0555525 -0.190075 
0.5 2.5 2 1 0.157777 -0.299256 
0.5 4.5 2 1 0.0581505 -0.311466 
0.5 4.5 4.5 1 0.0464882 -0.179948 
0.5 2.5 4.5 1 0.145003 -0.170171 
