0 0 0 1 -0.324845 -0.396436 
0 0 6.5 1 -0.336135 0.249898 
10 0 0 1 -0.249618 -0.112682 
10 0 6.5 1 -0.250453 0.219085 
10 10 0 1 0.223608 -0.109251 
10 10 6.5 1 0.249708 0.195406 
0 10 0 1 0.540285 -0.350333 
0 10 6.5 1 0.623697 0.200288 
0 5 10 1 0.212451 0.604421 
10 5 10 1 0.0184772 0.393864 
0 6 0 1 0.225175 -0.367126 
0 8 0 1 0.38729 -0.358486 
0 8 5 1 0.439139 0.0671005 
0 6 5 1 0.264783 0.0714931 
0 2 2.5 1 -0.125221 -0.162681 
0 4 2.5 1 0.0653863 -0.159669 
0 4 5 1 0.0787631 0.0761795 
0 2 5 1 -0.12013 0.0811902 
0.5 0.5 -0.5 1 -0.26995 -0.409534 
0.5 0.5 6 1 -0.273966 0.191913 
10.5 0.5 -0.5 1 -0.222838 -0.128682 
10.5 0.5 6 1 -0.222044 0.19093 
10.5 10.5 -0.5 1 0.23443 -0.124142 
10.5 10.5 6 1 0.260314 0.170232 
0.5 10.5 -0.5 1 0.542927 -0.364078 
0.5 10.5 6 1 0.621835 0.153655 
0.5 5.5 9.5 1 0.237291 0.524438 
10.5 5.5 9.5 1 0.0375954 0.360184 
0.5 6.5 -0.5 1 0.245254 -0.380724 
0.5 8.5 -0.5 1 0.398168 -0.372173 
0.5 8.5 4.5 1 0.447886 0.0278507 
0.5 6.5 4.5 1 0.284135 0.0307879 
0.5 2.5 2 1 -0.0818536 -0.190062 
0.5 4.5 2 1 0.0962551 -0.186401 
0.5 4.5 4.5 1 0.1101 0.0339095 
0.5 2.5 4.5 1 -0.0752196 0.0372335 
