0 0 0 1 0.280346 -0.308973 
0 0 6.5 1 0.245265 0.0115113 
10 0 0 1 0.626118 -0.555187 
10 0 6.5 1 0.547246 0.0763037 
10 10 0 1 -0.376616 -0.699808 
10 10 6.5 1 -0.428711 -0.0126872 
0 10 0 1 -0.220847 -0.369278 
0 10 6.5 1 -0.24914 -0.035053 
0 5 10 1 -0.0138358 0.160571 
10 5 10 1 0.0439959 0.370889 
0 6 0 1 -0.0155802 -0.34458 
0 8 0 1 -0.11739 -0.35683 
0 8 5 1 -0.140357 -0.100963 
0 6 5 1 -0.0396301 -0.090877 
0 2 2.5 1 0.170117 -0.195148 
0 4 2.5 1 0.0719947 -0.205957 
0 4 5 1 0.0595245 -0.0809488 
0 2 5 1 0.157143 -0.0711743 
0.5 0.5 -0.5 1 0.267387 -0.344125 
0.5 0.5 6 1 0.231525 -0.0140302 
10.5 0.5 -0.5 1 0.619929 -0.641038 
10.5 0.5 6 1 0.536805 0.0288678 
10.5 10.5 -0.5 1 -0.447016 -0.802444 
10.5 10.5 6 1 -0.499835 -0.0696289 
0.5 10.5 -0.5 1 -0.249318 -0.407696 
0.5 10.5 6 1 -0.277963 -0.0630086 
0.5 5.5 9.5 1 -0.0351196 0.138999 
10.5 5.5 9.5 1 0.00427904 0.339387 
0.5 6.5 -0.5 1 -0.0375532 -0.381642 
0.5 8.5 -0.5 1 -0.14256 -0.394561 
0.5 8.5 4.5 1 -0.165875 -0.130726 
0.5 6.5 4.5 1 -0.0620201 -0.120107 
0.5 2.5 2 1 0.153969 -0.22709 
0.5 4.5 2 1 0.0528753 -0.238469 
0.5 4.5 4.5 1 0.0401674 -0.109658 
0.5 2.5 4.5 1 0.140727 -0.0993758 
