0 0 0 1 0.274606 -0.28052 
0 0 6.5 1 0.317532 0.116957 
10 0 0 1 -0.374476 -0.270364 
10 0 6.5 1 -0.332012 0.204922 
10 10 0 1 -0.331104 -0.13577 
10 10 6.5 1 -0.305988 0.142555 
0 10 0 1 0.0725212 -0.155829 
0 10 6.5 1 0.0979492 0.0938728 
0 5 10 1 0.199929 0.270158 
10 5 10 1 -0.298316 0.357506 
0 6 0 1 0.132201 -0.192653 
0 8 0 1 0.099967 -0.172764 
0 8 5 1 0.121234 0.0343753 
0 6 5 1 0.155543 0.0325436 
0 2 2.5 1 0.231538 -0.109197 
0 4 2.5 1 0.183481 -0.0934264 
0 4 5 1 0.196456 0.0303593 
0 2 5 1 0.246083 0.0277099 
0.5 0.5 -0.5 1 0.229075 -0.299972 
0.5 0.5 6 1 0.270546 0.0885107 
10.5 0.5 -0.5 1 -0.411721 -0.293733 
10.5 0.5 6 1 -0.370867 0.168751 
10.5 10.5 -0.5 1 -0.353857 -0.151697 
10.5 10.5 6 1 -0.329308 0.122188 
0.5 10.5 -0.5 1 0.0464621 -0.169883 
0.5 10.5 6 1 0.0713522 0.0762396 
0.5 5.5 9.5 1 0.165416 0.24541 
10.5 5.5 9.5 1 -0.32796 0.327534 
0.5 6.5 -0.5 1 0.100702 -0.208522 
0.5 8.5 -0.5 1 0.0714385 -0.187676 
0.5 8.5 4.5 1 0.092219 0.0162648 
0.5 6.5 4.5 1 0.123462 0.012899 
0.5 2.5 2 1 0.191415 -0.130067 
0.5 4.5 2 1 0.147992 -0.112611 
0.5 4.5 4.5 1 0.160612 0.00889684 
0.5 2.5 4.5 1 0.205519 0.00405908 
