0 0 0 1 0.0945779 -0.407216 
0 0 6.5 1 0.109632 -0.126695 
10 0 0 1 0.562783 -0.557931 
10 0 6.5 1 0.558818 -0.147635 
10 10 0 1 0.180336 -0.799057 
10 10 6.5 1 0.208235 -0.0999702 
0 10 0 1 -0.307054 -0.481851 
0 10 6.5 1 -0.265199 -0.0909614 
0 5 10 1 -0.0354072 0.0525366 
10 5 10 1 0.428812 0.120693 
0 6 0 1 -0.113127 -0.445814 
0 8 0 1 -0.2029 -0.462497 
0 8 5 1 -0.176588 -0.180574 
0 6 5 1 -0.0917493 -0.183257 
0 2 2.5 1 0.0409923 -0.301265 
0 4 2.5 1 -0.0260794 -0.30637 
0 4 5 1 -0.0175041 -0.185605 
0 2 5 1 0.0480149 -0.187676 
0.5 0.5 -0.5 1 0.0951056 -0.438515 
0.5 0.5 6 1 0.110634 -0.14755 
10.5 0.5 -0.5 1 0.587279 -0.611935 
10.5 0.5 6 1 0.581724 -0.178959 
10.5 10.5 -0.5 1 0.189458 -0.916911 
10.5 10.5 6 1 0.218739 -0.149465 
0.5 10.5 -0.5 1 -0.325801 -0.529917 
0.5 10.5 6 1 -0.280996 -0.118455 
0.5 5.5 9.5 1 -0.0396865 0.0355086 
10.5 5.5 9.5 1 0.44907 0.0982342 
0.5 6.5 -0.5 1 -0.121118 -0.485469 
0.5 8.5 -0.5 1 -0.21553 -0.505971 
0.5 8.5 4.5 1 -0.187587 -0.210202 
0.5 6.5 4.5 1 -0.0985899 -0.21094 
0.5 2.5 2 1 0.039629 -0.330198 
0.5 4.5 2 1 -0.0300876 -0.337405 
0.5 4.5 4.5 1 -0.0211221 -0.211583 
0.5 2.5 4.5 1 0.0469206 -0.212147 
