0 0 0 1 0.290914 -0.387421 
0 0 6.5 1 0.256661 -0.043832 
10 0 0 1 0.53123 -0.638221 
10 0 6.5 1 0.43779 0.0710562 
10 10 0 1 -0.546805 -0.668188 
10 10 6.5 1 -0.527629 0.00258553 
0 10 0 1 -0.231908 -0.410183 
0 10 6.5 1 -0.238191 -0.0758355 
0 5 10 1 -0.00441488 0.108126 
10 5 10 1 -0.0748435 0.351631 
0 6 0 1 -0.0268412 -0.401255 
0 8 0 1 -0.130034 -0.405748 
0 8 5 1 -0.139066 -0.144035 
0 6 5 1 -0.0401187 -0.1381 
0 2 2.5 1 0.172326 -0.256256 
0 4 2.5 1 0.0686973 -0.261638 
0 4 5 1 0.0600655 -0.13209 
0 2 5 1 0.16151 -0.126004 
0.5 0.5 -0.5 1 0.271853 -0.423513 
0.5 0.5 6 1 0.237677 -0.0682866 
10.5 0.5 -0.5 1 0.505324 -0.732964 
10.5 0.5 6 1 0.409404 0.0276768 
10.5 10.5 -0.5 1 -0.635904 -0.758214 
10.5 10.5 6 1 -0.60636 -0.0418146 
0.5 10.5 -0.5 1 -0.265389 -0.445743 
0.5 10.5 6 1 -0.270071 -0.100401 
0.5 5.5 9.5 1 -0.0295977 0.088824 
10.5 5.5 9.5 1 -0.127787 0.326703 
0.5 6.5 -0.5 1 -0.0547877 -0.437029 
0.5 8.5 -0.5 1 -0.160785 -0.441415 
0.5 8.5 4.5 1 -0.168793 -0.170956 
0.5 6.5 4.5 1 -0.0672699 -0.165027 
0.5 2.5 2 1 0.150373 -0.287537 
0.5 4.5 2 1 0.0439116 -0.292868 
0.5 4.5 4.5 1 0.0355575 -0.159021 
0.5 2.5 4.5 1 0.139715 -0.152937 
