0 0 0 1 0.402298 -0.60578 
0 0 6.5 1 0.354802 -0.0665628 
10 0 0 1 -0.305474 -0.532129 
10 0 6.5 1 -0.289089 -0.102906 
10 10 0 1 -0.0555092 -0.403167 
10 10 6.5 1 -0.0573825 -0.135268 
0 10 0 1 0.380658 -0.425393 
0 10 6.5 1 0.353947 -0.118461 
0 5 10 1 0.337787 0.0892363 
10 5 10 1 -0.146011 0.0390293 
0 6 0 1 0.386568 -0.474651 
0 8 0 1 0.38333 -0.447666 
0 8 5 1 0.360488 -0.185601 
0 6 5 1 0.361266 -0.184905 
0 2 2.5 1 0.378978 -0.360406 
0 4 2.5 1 0.375966 -0.341149 
0 4 5 1 0.362217 -0.184054 
0 2 5 1 0.363406 -0.182989 
0.5 0.5 -0.5 1 0.361436 -0.629929 
0.5 0.5 6 1 0.319516 -0.109048 
10.5 0.5 -0.5 1 -0.314351 -0.553852 
10.5 0.5 6 1 -0.29781 -0.136301 
10.5 10.5 -0.5 1 -0.0663458 -0.419527 
10.5 10.5 6 1 -0.0676572 -0.156201 
0.5 10.5 -0.5 1 0.357725 -0.443604 
0.5 10.5 6 1 0.332884 -0.142661 
0.5 5.5 9.5 1 0.312806 0.0543093 
10.5 5.5 9.5 1 -0.156021 0.0102682 
0.5 6.5 -0.5 1 0.358752 -0.495171 
0.5 8.5 -0.5 1 0.358191 -0.466986 
0.5 8.5 4.5 1 0.337097 -0.210603 
0.5 6.5 4.5 1 0.335574 -0.212362 
0.5 2.5 2 1 0.345391 -0.389421 
0.5 4.5 2 1 0.346206 -0.367547 
0.5 4.5 4.5 1 0.333722 -0.214501 
0.5 2.5 4.5 1 0.331422 -0.217157 
