0 0 0 1 -0.414604 -0.413967 
0 0 6.5 1 -0.432827 -0.0886631 
10 0 0 1 0.0130512 -0.315111 
10 0 6.5 1 -0.0103476 -0.0563746 
10 10 0 1 0.323762 -0.408934 
10 10 6.5 1 0.278941 -0.0166926 
0 10 0 1 -0.287495 -0.623975 
0 10 6.5 1 -0.324436 -0.0553282 
0 5 10 1 -0.405538 0.13551 
10 5 10 1 0.088999 0.121063 
0 6 0 1 -0.355989 -0.510811 
0 8 0 1 -0.326223 -0.559989 
0 8 5 1 -0.350129 -0.176082 
0 6 5 1 -0.376411 -0.171454 
0 2 2.5 1 -0.406694 -0.300957 
0 4 2.5 1 -0.388583 -0.317962 
0 4 5 1 -0.397372 -0.167762 
0 2 5 1 -0.414479 -0.164749 
0.5 0.5 -0.5 1 -0.382378 -0.439719 
0.5 0.5 6 1 -0.40163 -0.110289 
10.5 0.5 -0.5 1 0.0424083 -0.334743 
10.5 0.5 6 1 0.0182018 -0.0733992 
10.5 10.5 -0.5 1 0.372737 -0.440173 
10.5 10.5 6 1 0.325805 -0.0419111 
0.5 10.5 -0.5 1 -0.228089 -0.673539 
0.5 10.5 6 1 -0.268379 -0.0921883 
0.5 5.5 9.5 1 -0.366301 0.111532 
10.5 5.5 9.5 1 0.123909 0.102637 
0.5 6.5 -0.5 1 -0.311545 -0.547065 
0.5 8.5 -0.5 1 -0.275369 -0.601888 
0.5 8.5 4.5 1 -0.301208 -0.210482 
0.5 6.5 4.5 1 -0.333457 -0.201856 
0.5 2.5 2 1 -0.371701 -0.32751 
0.5 4.5 2 1 -0.349721 -0.347493 
0.5 4.5 4.5 1 -0.359093 -0.195 
0.5 2.5 4.5 1 -0.37996 -0.189418 
