0 0 0 1 -0.641376 -0.318209 
0 0 6.5 1 -0.579198 0.251389 
10 0 0 1 -0.248853 -0.187026 
10 0 6.5 1 -0.217191 0.118891 
10 10 0 1 0.235675 -0.256436 
10 10 6.5 1 0.268232 0.0821873 
0 10 0 1 0.268461 -0.489479 
0 10 6.5 1 0.334661 0.205013 
0 5 10 1 -0.132649 0.562653 
10 5 10 1 0.030512 0.273267 
0 6 0 1 -0.139335 -0.412715 
0 8 0 1 0.0560285 -0.449491 
0 8 5 1 0.106578 0.0634655 
0 6 5 1 -0.0893665 0.0795154 
0 2 2.5 1 -0.462072 -0.118878 
0 4 2.5 1 -0.294858 -0.141384 
0 4 5 1 -0.270283 0.0943343 
0 2 5 1 -0.437836 0.108059 
0.5 0.5 -0.5 1 -0.574499 -0.355922 
0.5 0.5 6 1 -0.51488 0.195591 
10.5 0.5 -0.5 1 -0.219412 -0.209876 
10.5 0.5 6 1 -0.188441 0.0907477 
10.5 10.5 -0.5 1 0.258703 -0.280309 
10.5 10.5 6 1 0.290511 0.0518398 
0.5 10.5 -0.5 1 0.313527 -0.528358 
0.5 10.5 6 1 0.376696 0.139433 
0.5 5.5 9.5 1 -0.0783205 0.490955 
10.5 5.5 9.5 1 0.0560284 0.24096 
0.5 6.5 -0.5 1 -0.0829374 -0.451373 
0.5 8.5 -0.5 1 0.107311 -0.488315 
0.5 8.5 4.5 1 0.155587 0.00567505 
0.5 6.5 4.5 1 -0.035171 0.0233672 
0.5 2.5 2 1 -0.399049 -0.164519 
0.5 4.5 2 1 -0.235325 -0.187936 
0.5 4.5 4.5 1 -0.211806 0.0397495 
0.5 2.5 4.5 1 -0.375832 0.0549623 
