0 0 0 1 0.319128 -0.532907 
0 0 6.5 1 0.331311 -0.0735829 
10 0 0 1 -0.382857 -0.477796 
10 0 6.5 1 -0.329576 -0.0264151 
10 10 0 1 -0.223695 -0.339098 
10 10 6.5 1 -0.197114 -0.0709424 
0 10 0 1 0.189958 -0.370595 
0 10 6.5 1 0.201916 -0.0996403 
0 5 10 1 0.256993 0.0813838 
10 5 10 1 -0.229082 0.114946 
0 6 0 1 0.226324 -0.416292 
0 8 0 1 0.206508 -0.39139 
0 8 5 1 0.216092 -0.16229 
0 6 5 1 0.23617 -0.1645 
0 2 2.5 1 0.285664 -0.324208 
0 4 2.5 1 0.255576 -0.304314 
0 4 5 1 0.260485 -0.167176 
0 2 5 1 0.290537 -0.170483 
0.5 0.5 -0.5 1 0.273075 -0.55325 
0.5 0.5 6 1 0.287571 -0.10567 
10.5 0.5 -0.5 1 -0.407695 -0.499551 
10.5 0.5 6 1 -0.354479 -0.059496 
10.5 10.5 -0.5 1 -0.241348 -0.354548 
10.5 10.5 6 1 -0.214604 -0.0904204 
0.5 10.5 -0.5 1 0.164845 -0.385584 
0.5 10.5 6 1 0.177481 -0.118746 
0.5 5.5 9.5 1 0.226178 0.0544192 
10.5 5.5 9.5 1 -0.24963 0.0874873 
0.5 6.5 -0.5 1 0.195588 -0.433209 
0.5 8.5 -0.5 1 0.178862 -0.407298 
0.5 8.5 4.5 1 0.189085 -0.182024 
0.5 6.5 4.5 1 0.206225 -0.186033 
0.5 2.5 2 1 0.246811 -0.347122 
0.5 4.5 2 1 0.221497 -0.32528 
0.5 4.5 4.5 1 0.226902 -0.19087 
0.5 2.5 4.5 1 0.252334 -0.196819 
