0 0 0 1 -0.673517 -0.568185 
0 0 6.5 1 -0.607986 -0.103333 
10 0 0 1 -0.173927 -0.43791 
10 0 6.5 1 -0.157951 -0.141516 
10 10 0 1 0.26809 -0.530314 
10 10 6.5 1 0.257973 -0.135845 
0 10 0 1 -0.133402 -0.83376 
0 10 6.5 1 -0.100269 -0.0712955 
0 5 10 1 -0.382802 0.174596 
10 5 10 1 0.0254066 0.0266835 
0 6 0 1 -0.416353 -0.694632 
0 8 0 1 -0.291162 -0.756189 
0 8 5 1 -0.253225 -0.22203 
0 6 5 1 -0.371651 -0.216144 
0 2 2.5 1 -0.576289 -0.398019 
0 4 2.5 1 -0.4929 -0.419427 
0 4 5 1 -0.469589 -0.211277 
0 2 5 1 -0.551934 -0.207184 
0.5 0.5 -0.5 1 -0.623301 -0.604811 
0.5 0.5 6 1 -0.562032 -0.137979 
10.5 0.5 -0.5 1 -0.142874 -0.46131 
10.5 0.5 6 1 -0.128584 -0.16409 
10.5 10.5 -0.5 1 0.308549 -0.561289 
10.5 10.5 6 1 0.295615 -0.165392 
0.5 10.5 -0.5 1 -0.0527885 -0.893064 
0.5 10.5 6 1 -0.0301118 -0.125617 
0.5 5.5 9.5 1 -0.33017 0.133774 
10.5 5.5 9.5 1 0.0573545 0.00163832 
0.5 6.5 -0.5 1 -0.351443 -0.742168 
0.5 8.5 -0.5 1 -0.219244 -0.808962 
0.5 8.5 4.5 1 -0.187979 -0.271694 
0.5 6.5 4.5 1 -0.312224 -0.261136 
0.5 2.5 2 1 -0.523991 -0.436769 
0.5 4.5 2 1 -0.436141 -0.461592 
0.5 4.5 4.5 1 -0.415031 -0.2524 
0.5 2.5 4.5 1 -0.50151 -0.245051 
