0 0 0 1 0.204171 -0.432654 
0 0 6.5 1 0.155032 0.198671 
10 0 0 1 -0.22924 -0.244231 
10 0 6.5 1 -0.269612 0.114278 
10 10 0 1 0.146002 -0.132001 
10 10 6.5 1 0.124425 0.135377 
0 10 0 1 0.592523 -0.197218 
0 10 6.5 1 0.57509 0.197285 
0 5 10 1 0.399654 0.47592 
10 5 10 1 -0.0591707 0.297857 
0 6 0 1 0.478308 -0.26646 
0 8 0 1 0.540047 -0.229031 
0 8 5 1 0.524212 0.0963892 
0 6 5 1 0.459217 0.0874223 
0 2 2.5 1 0.300792 -0.154724 
0 4 2.5 1 0.393112 -0.120325 
0 4 5 1 0.381233 0.0766634 
0 2 5 1 0.285933 0.0635155 
0.5 0.5 -0.5 1 0.201143 -0.442728 
0.5 0.5 6 1 0.155289 0.14397 
10.5 0.5 -0.5 1 -0.214034 -0.257545 
10.5 0.5 6 1 -0.252345 0.0861304 
10.5 10.5 -0.5 1 0.146376 -0.145322 
10.5 10.5 6 1 0.125458 0.113722 
0.5 10.5 -0.5 1 0.574005 -0.213725 
0.5 10.5 6 1 0.556761 0.162897 
0.5 5.5 9.5 1 0.386365 0.417463 
10.5 5.5 9.5 1 -0.0515603 0.267057 
0.5 6.5 -0.5 1 0.462378 -0.282283 
0.5 8.5 -0.5 1 0.522509 -0.245352 
0.5 8.5 4.5 1 0.50697 0.0642977 
0.5 6.5 4.5 1 0.44382 0.0530242 
0.5 2.5 2 1 0.292142 -0.180854 
0.5 4.5 2 1 0.380167 -0.145928 
0.5 4.5 4.5 1 0.368756 0.0396239 
0.5 2.5 4.5 1 0.278057 0.0234325 
