0 0 0 1 -0.118212 -0.271932 
0 0 6.5 1 -0.146928 0.42325 
10 0 0 1 -0.247859 -0.0482353 
10 0 6.5 1 -0.271085 0.305527 
10 10 0 1 0.203897 -0.00373092 
10 10 6.5 1 0.211508 0.295148 
0 10 0 1 0.609033 -0.139169 
0 10 6.5 1 0.665008 0.371397 
0 5 10 1 0.344359 0.774069 
10 5 10 1 -0.0115256 0.492484 
0 6 0 1 0.368449 -0.183089 
0 8 0 1 0.495298 -0.159932 
0 8 5 1 0.530305 0.244418 
0 6 5 1 0.394376 0.244587 
0 2 2.5 1 0.0645869 -0.00842403 
0 4 2.5 1 0.232837 0.00757342 
0 4 5 1 0.240236 0.244779 
0 2 5 1 0.0639648 0.244998 
0.5 0.5 -0.5 1 -0.0823448 -0.286986 
0.5 0.5 6 1 -0.103959 0.352146 
10.5 0.5 -0.5 1 -0.223799 -0.0645608 
10.5 0.5 6 1 -0.244459 0.274172 
10.5 10.5 -0.5 1 0.210232 -0.019023 
10.5 10.5 6 1 0.217958 0.269069 
0.5 10.5 -0.5 1 0.598559 -0.157388 
0.5 10.5 6 1 0.650318 0.322394 
0.5 5.5 9.5 1 0.34868 0.685561 
10.5 5.5 9.5 1 0.00402059 0.455842 
0.5 6.5 -0.5 1 0.370608 -0.200774 
0.5 8.5 -0.5 1 0.490459 -0.177963 
0.5 8.5 4.5 1 0.523034 0.201285 
0.5 6.5 4.5 1 0.395107 0.198903 
0.5 2.5 2 1 0.087516 -0.0408858 
0.5 4.5 2 1 0.243775 -0.0239529 
0.5 4.5 4.5 1 0.251171 0.196224 
0.5 2.5 4.5 1 0.0880212 0.193187 
