0 0 0 1 0.315549 -0.54259 
0 0 6.5 1 0.253316 0.0673145 
10 0 0 1 -0.22381 -0.373999 
10 0 6.5 1 -0.260334 -0.00324627 
10 10 0 1 0.117729 -0.238134 
10 10 6.5 1 0.0913472 0.0233041 
0 10 0 1 0.567994 -0.286035 
0 10 6.5 1 0.530443 0.0753168 
0 5 10 1 0.402122 0.315554 
10 5 10 1 -0.070612 0.176909 
0 6 0 1 0.496513 -0.35868 
0 8 0 1 0.535424 -0.319134 
0 8 5 1 0.50403 -0.0163202 
0 6 5 1 0.462155 -0.0263579 
0 2 2.5 1 0.369255 -0.259791 
0 4 2.5 1 0.430214 -0.222428 
0 4 5 1 0.411269 -0.038556 
0 2 5 1 0.34811 -0.0536957 
0.5 0.5 -0.5 1 0.298412 -0.553455 
0.5 0.5 6 1 0.240103 0.0186826 
10.5 0.5 -0.5 1 -0.213578 -0.3873 
10.5 0.5 6 1 -0.248715 -0.0308503 
10.5 10.5 -0.5 1 0.115585 -0.25138 
10.5 10.5 6 1 0.0899346 0.00286408 
0.5 10.5 -0.5 1 0.548025 -0.302346 
0.5 10.5 6 1 0.511938 0.0454056 
0.5 5.5 9.5 1 0.385166 0.267175 
10.5 5.5 9.5 1 -0.0670474 0.148141 
0.5 6.5 -0.5 1 0.476037 -0.374765 
0.5 8.5 -0.5 1 0.515094 -0.335474 
0.5 8.5 4.5 1 0.485025 -0.0450346 
0.5 6.5 4.5 1 0.443262 -0.0572877 
0.5 2.5 2 1 0.351139 -0.284969 
0.5 4.5 2 1 0.410941 -0.246874 
0.5 4.5 4.5 1 0.392954 -0.0720477 
0.5 2.5 4.5 1 0.331181 -0.0901715 
