0 0 0 1 0.393683 -0.660708 
0 0 6.5 1 0.356631 -0.12556 
10 0 0 1 -0.327218 -0.579801 
10 0 6.5 1 -0.300439 -0.137189 
10 10 0 1 -0.0909167 -0.432912 
10 10 6.5 1 -0.0859988 -0.16157 
0 10 0 1 0.34357 -0.46097 
0 10 6.5 1 0.324598 -0.157477 
0 5 10 1 0.324329 0.0409952 
10 5 10 1 -0.163202 0.01227 
0 6 0 1 0.357256 -0.515519 
0 8 0 1 0.349758 -0.485636 
0 8 5 1 0.33333 -0.226391 
0 6 5 1 0.338787 -0.228729 
0 2 2.5 1 0.365627 -0.411051 
0 4 2.5 1 0.355676 -0.387195 
0 4 5 1 0.34546 -0.231588 
0 2 5 1 0.353804 -0.235163 
0.5 0.5 -0.5 1 0.350486 -0.682699 
0.5 0.5 6 1 0.318748 -0.164735 
10.5 0.5 -0.5 1 -0.339421 -0.600733 
10.5 0.5 6 1 -0.312504 -0.169904 
10.5 10.5 -0.5 1 -0.103258 -0.448831 
10.5 10.5 6 1 -0.0978231 -0.181938 
0.5 10.5 -0.5 1 0.319934 -0.478111 
0.5 10.5 6 1 0.30267 -0.180179 
0.5 5.5 9.5 1 0.297858 0.00844579 
10.5 5.5 9.5 1 -0.175429 -0.0157988 
0.5 6.5 -0.5 1 0.328384 -0.534695 
0.5 8.5 -0.5 1 0.323765 -0.503764 
0.5 8.5 4.5 1 0.30894 -0.2498 
0.5 6.5 4.5 1 0.311875 -0.254362 
0.5 2.5 2 1 0.330195 -0.437876 
0.5 4.5 2 1 0.324482 -0.411741 
0.5 4.5 4.5 1 0.315445 -0.25991 
0.5 2.5 4.5 1 0.319881 -0.266804 
