0 0 0 1 -0.302475 -0.139536 
0 0 6.5 1 -0.335225 0.138096 
10 0 0 1 0.0947478 -0.0836123 
10 0 6.5 1 0.0738236 0.166683 
10 10 0 1 0.313347 -0.166526 
10 10 6.5 1 0.287293 0.231509 
0 10 0 1 -0.317307 -0.27683 
0 10 6.5 1 -0.374245 0.195108 
0 5 10 1 -0.373014 0.356138 
10 5 10 1 0.142683 0.363858 
0 6 0 1 -0.309445 -0.204057 
0 8 0 1 -0.312898 -0.236021 
0 8 5 1 -0.350751 0.0798278 
0 6 5 1 -0.343012 0.0775071 
0 2 2.5 1 -0.317934 -0.0426752 
0 4 2.5 1 -0.321581 -0.0527159 
0 4 5 1 -0.33682 0.07565 
0 2 5 1 -0.331753 0.0741304 
0.5 0.5 -0.5 1 -0.27805 -0.161634 
0.5 0.5 6 1 -0.310657 0.119231 
10.5 0.5 -0.5 1 0.12141 -0.102796 
10.5 0.5 6 1 0.100807 0.150127 
10.5 10.5 -0.5 1 0.359955 -0.198651 
10.5 10.5 6 1 0.335011 0.206069 
0.5 10.5 -0.5 1 -0.275939 -0.317666 
0.5 10.5 6 1 -0.332489 0.163682 
0.5 5.5 9.5 1 -0.34197 0.335608 
10.5 5.5 9.5 1 0.177531 0.34612 
0.5 6.5 -0.5 1 -0.277063 -0.234604 
0.5 8.5 -0.5 1 -0.27657 -0.270987 
0.5 8.5 4.5 1 -0.314184 0.0503198 
0.5 6.5 4.5 1 -0.310438 0.0512916 
0.5 2.5 2 1 -0.291263 -0.0655978 
0.5 4.5 2 1 -0.292291 -0.0781014 
0.5 4.5 4.5 1 -0.307452 0.0520661 
0.5 2.5 4.5 1 -0.305018 0.0526978 
