0 0 0 1 -0.716444 -0.600342 
0 0 6.5 1 -0.635706 -0.0957013 
10 0 0 1 -0.214909 -0.437561 
10 0 6.5 1 -0.188896 -0.134603 
10 10 0 1 0.248632 -0.540309 
10 10 6.5 1 0.253806 -0.153837 
0 10 0 1 -0.0442644 -0.902183 
0 10 6.5 1 -0.000690597 -0.113662 
0 5 10 1 -0.347274 0.183835 
10 5 10 1 0.0164208 0.0253767 
0 6 0 1 -0.386721 -0.748404 
0 8 0 1 -0.232682 -0.817575 
0 8 5 1 -0.185932 -0.258897 
0 6 5 1 -0.332319 -0.242063 
0 2 2.5 1 -0.591566 -0.421788 
0 4 2.5 1 -0.484405 -0.450999 
0 4 5 1 -0.455929 -0.227848 
0 2 5 1 -0.561694 -0.215685 
0.5 0.5 -0.5 1 -0.660096 -0.638071 
0.5 0.5 6 1 -0.584348 -0.134957 
10.5 0.5 -0.5 1 -0.184 -0.461072 
10.5 0.5 6 1 -0.159579 -0.15864 
10.5 10.5 -0.5 1 0.284553 -0.569425 
10.5 10.5 6 1 0.287577 -0.183845 
0.5 10.5 -0.5 1 0.0332377 -0.956242 
0.5 10.5 6 1 0.0674783 -0.171826 
0.5 5.5 9.5 1 -0.291582 0.1363 
10.5 5.5 9.5 1 0.0469508 -0.00156713 
0.5 6.5 -0.5 1 -0.319087 -0.79456 
0.5 8.5 -0.5 1 -0.160376 -0.867393 
0.5 8.5 4.5 1 -0.120066 -0.311427 
0.5 6.5 4.5 1 -0.270324 -0.290398 
0.5 2.5 2 1 -0.53414 -0.462812 
0.5 4.5 2 1 -0.423535 -0.494984 
0.5 4.5 4.5 1 -0.397442 -0.272606 
0.5 2.5 4.5 1 -0.506383 -0.257359 
