0 0 0 1 0.295635 -0.371167 
0 0 6.5 1 0.325696 0.0508311 
10 0 0 1 -0.380436 -0.328775 
10 0 6.5 1 -0.327055 0.123538 
10 10 0 1 -0.271791 -0.217831 
10 10 6.5 1 -0.242014 0.0495091 
0 10 0 1 0.133102 -0.248343 
0 10 6.5 1 0.154414 0.00811233 
0 5 10 1 0.23255 0.190375 
10 5 10 1 -0.253884 0.251697 
0 6 0 1 0.179865 -0.28368 
0 8 0 1 0.154483 -0.2645 
0 8 5 1 0.172013 -0.0494765 
0 6 5 1 0.198596 -0.0485519 
0 2 2.5 1 0.259068 -0.189229 
0 4 2.5 1 0.220619 -0.17596 
0 4 5 1 0.23057 -0.0474397 
0 2 5 1 0.269758 -0.0460766 
0.5 0.5 -0.5 1 0.249689 -0.39194 
0.5 0.5 6 1 0.28029 0.0200048 
10.5 0.5 -0.5 1 -0.410978 -0.352294 
10.5 0.5 6 1 -0.358115 0.0884961 
10.5 10.5 -0.5 1 -0.29176 -0.23366 
10.5 10.5 6 1 -0.262103 0.0296133 
0.5 10.5 -0.5 1 0.107558 -0.26301 
0.5 10.5 6 1 0.128984 -0.0103003 
0.5 5.5 9.5 1 0.200006 0.164417 
10.5 5.5 9.5 1 -0.278419 0.223101 
0.5 6.5 -0.5 1 0.148751 -0.300377 
0.5 8.5 -0.5 1 0.126422 -0.280122 
0.5 8.5 4.5 1 0.144066 -0.0685187 
0.5 6.5 4.5 1 0.167632 -0.0693316 
0.5 2.5 2 1 0.219524 -0.211634 
0.5 4.5 2 1 0.185826 -0.196391 
0.5 4.5 4.5 1 0.19588 -0.0703061 
0.5 2.5 4.5 1 0.230358 -0.0714954 
