0 0 0 1 0.368216 -0.684765 
0 0 6.5 1 0.349858 -0.167466 
10 0 0 1 -0.358481 -0.606109 
10 0 6.5 1 -0.317763 -0.150796 
10 10 0 1 -0.145601 -0.442247 
10 10 6.5 1 -0.130774 -0.168829 
0 10 0 1 0.283372 -0.474595 
0 10 6.5 1 0.276941 -0.179963 
0 5 10 1 0.299111 0.00717996 
10 5 10 1 -0.190863 0.00557314 
0 6 0 1 0.306682 -0.532338 
0 8 0 1 0.293925 -0.500738 
0 8 5 1 0.288 -0.249466 
0 6 5 1 0.299549 -0.254577 
0 2 2.5 1 0.336591 -0.439078 
0 4 2.5 1 0.317907 -0.41176 
0 4 5 1 0.313645 -0.260815 
0 2 5 1 0.331235 -0.2686 
0.5 0.5 -0.5 1 0.322833 -0.70471 
0.5 0.5 6 1 0.308943 -0.202682 
10.5 0.5 -0.5 1 -0.375613 -0.626294 
10.5 0.5 6 1 -0.334785 -0.182815 
10.5 10.5 -0.5 1 -0.16009 -0.457643 
10.5 10.5 6 1 -0.144845 -0.188509 
0.5 10.5 -0.5 1 0.258934 -0.490457 
0.5 10.5 6 1 0.253877 -0.200803 
0.5 5.5 9.5 1 0.270689 -0.0224706 
10.5 5.5 9.5 1 -0.206335 -0.021727 
0.5 6.5 -0.5 1 0.27669 -0.54999 
0.5 8.5 -0.5 1 0.266992 -0.517474 
0.5 8.5 4.5 1 0.262359 -0.270914 
0.5 6.5 4.5 1 0.271148 -0.277984 
0.5 2.5 2 1 0.299167 -0.4634 
0.5 4.5 2 1 0.285113 -0.434137 
0.5 4.5 4.5 1 0.281824 -0.286572 
0.5 2.5 4.5 1 0.295068 -0.297225 
