0 0 0 1 0.194194 -0.392269 
0 0 6.5 1 0.182688 -0.0925168 
10 0 0 1 0.683644 -0.517951 
10 0 6.5 1 0.620909 -0.0250273 
10 10 0 1 0.00482607 -0.692204 
10 10 6.5 1 0.00281683 0.0571105 
0 10 0 1 -0.271615 -0.4443 
0 10 6.5 1 -0.253232 -0.0659987 
0 5 10 1 -0.0110417 0.0826106 
10 5 10 1 0.350082 0.278206 
0 6 0 1 -0.0581636 -0.420458 
0 8 0 1 -0.159445 -0.431771 
0 8 5 1 -0.151637 -0.150922 
0 6 5 1 -0.0557721 -0.153123 
0 2 2.5 1 0.114529 -0.276049 
0 4 2.5 1 0.0326669 -0.279543 
0 4 5 1 0.0316425 -0.15513 
0 2 5 1 0.111677 -0.156968 
0.5 0.5 -0.5 1 0.191357 -0.423625 
0.5 0.5 6 1 0.179621 -0.111754 
10.5 0.5 -0.5 1 0.709287 -0.579349 
10.5 0.5 6 1 0.640568 -0.052788 
10.5 10.5 -0.5 1 -0.0218046 -0.807817 
10.5 10.5 6 1 -0.0201361 0.0221014 
0.5 10.5 -0.5 1 -0.297013 -0.486909 
0.5 10.5 6 1 -0.275971 -0.0891027 
0.5 5.5 9.5 1 -0.0215161 0.0683605 
10.5 5.5 9.5 1 0.355071 0.266099 
0.5 6.5 -0.5 1 -0.0720287 -0.457755 
0.5 8.5 -0.5 1 -0.178529 -0.471555 
0.5 8.5 4.5 1 -0.169354 -0.176792 
0.5 6.5 4.5 1 -0.0688222 -0.177841 
0.5 2.5 2 1 0.108669 -0.303725 
0.5 4.5 2 1 0.023343 -0.308654 
0.5 4.5 4.5 1 0.0225106 -0.178793 
0.5 2.5 4.5 1 0.105852 -0.179662 
