0 0 0 1 -0.681649 -0.577654 
0 0 6.5 1 -0.613292 -0.106292 
10 0 0 1 -0.180447 -0.441786 
10 0 6.5 1 -0.162852 -0.143984 
10 10 0 1 0.265362 -0.53691 
10 10 6.5 1 0.257422 -0.142665 
0 10 0 1 -0.122239 -0.852431 
0 10 6.5 1 -0.0873203 -0.0828139 
0 5 10 1 -0.379144 0.171702 
10 5 10 1 0.023841 0.0229228 
0 6 0 1 -0.41442 -0.708915 
0 8 0 1 -0.284908 -0.772529 
0 8 5 1 -0.245287 -0.2327 
0 6 5 1 -0.367823 -0.224813 
0 2 2.5 1 -0.580367 -0.406163 
0 4 2.5 1 -0.493697 -0.429074 
0 4 5 1 -0.469401 -0.218274 
0 2 5 1 -0.554975 -0.212766 
0.5 0.5 -0.5 1 -0.630543 -0.614583 
0.5 0.5 6 1 -0.566578 -0.141624 
10.5 0.5 -0.5 1 -0.149388 -0.465262 
10.5 0.5 6 1 -0.133474 -0.166798 
10.5 10.5 -0.5 1 0.305241 -0.567714 
10.5 10.5 6 1 0.294569 -0.172349 
0.5 10.5 -0.5 1 -0.0416193 -0.911385 
0.5 10.5 6 1 -0.0171342 -0.137884 
0.5 5.5 9.5 1 -0.325992 0.129907 
10.5 5.5 9.5 1 0.0556207 -0.00242726 
0.5 6.5 -0.5 1 -0.348906 -0.756521 
0.5 8.5 -0.5 1 -0.212615 -0.825208 
0.5 8.5 4.5 1 -0.179714 -0.282958 
0.5 6.5 4.5 1 -0.307874 -0.27042 
0.5 2.5 2 1 -0.527287 -0.445362 
0.5 4.5 2 1 -0.436243 -0.471657 
0.5 4.5 4.5 1 -0.414194 -0.26002 
0.5 2.5 4.5 1 -0.503817 -0.251252 
