0 0 0 1 0.389376 -0.487936 
0 0 6.5 1 0.32115 0.0813971 
10 0 0 1 -0.25056 -0.413818 
10 0 6.5 1 -0.267688 -0.0198187 
10 10 0 1 0.0481025 -0.299624 
10 10 6.5 1 0.0270848 -0.0392735 
0 10 0 1 0.491186 -0.311662 
0 10 6.5 1 0.4471 0.0151516 
0 5 10 1 0.373806 0.246325 
10 5 10 1 -0.101651 0.127617 
0 6 0 1 0.463181 -0.36015 
0 8 0 1 0.478504 -0.33362 
0 8 5 1 0.441587 -0.0560223 
0 6 5 1 0.423136 -0.0537413 
0 2 2.5 1 0.395828 -0.236182 
0 4 2.5 1 0.421973 -0.218279 
0 4 5 1 0.400575 -0.0509523 
0 2 5 1 0.372359 -0.0474641 
0.5 0.5 -0.5 1 0.358808 -0.512661 
0.5 0.5 6 1 0.295916 0.0303324 
10.5 0.5 -0.5 1 -0.248459 -0.433697 
10.5 0.5 6 1 -0.265088 -0.0524893 
10.5 10.5 -0.5 1 0.0422352 -0.315672 
10.5 10.5 6 1 0.0218961 -0.0609598 
0.5 10.5 -0.5 1 0.470273 -0.331449 
0.5 10.5 6 1 0.428295 -0.0134683 
0.5 5.5 9.5 1 0.353504 0.203151 
10.5 5.5 9.5 1 -0.104167 0.0976748 
0.5 6.5 -0.5 1 0.439101 -0.382126 
0.5 8.5 -0.5 1 0.456107 -0.354478 
0.5 8.5 4.5 1 0.421117 -0.0851508 
0.5 6.5 4.5 1 0.40134 -0.0857666 
0.5 2.5 2 1 0.369415 -0.268605 
0.5 4.5 2 1 0.3974 -0.247877 
0.5 4.5 4.5 1 0.37733 -0.0865142 
0.5 2.5 4.5 1 0.347565 -0.0874409 
