0 0 0 1 0.25568 -0.179613 
0 0 6.5 1 0.293372 0.193197 
10 0 0 1 -0.323303 -0.280185 
10 0 6.5 1 -0.323289 0.244228 
10 10 0 1 -0.429962 -0.087283 
10 10 6.5 1 -0.435698 0.226218 
0 10 0 1 -0.0180069 -0.0562075 
0 10 6.5 1 -0.00484085 0.196018 
0 5 10 1 0.126539 0.370208 
10 5 10 1 -0.397236 0.467147 
0 6 0 1 0.0670381 -0.0945542 
0 8 0 1 0.0215716 -0.0740534 
0 8 5 1 0.0337107 0.131196 
0 6 5 1 0.0818376 0.125765 
0 2 2.5 1 0.192884 -0.0200195 
0 4 2.5 1 0.128732 -0.00185518 
0 4 5 1 0.138017 0.119424 
0 2 5 1 0.204456 0.111926 
0.5 0.5 -0.5 1 0.212593 -0.200713 
0.5 0.5 6 1 0.246951 0.165082 
10.5 0.5 -0.5 1 -0.371607 -0.307463 
10.5 0.5 6 1 -0.375997 0.203132 
10.5 10.5 -0.5 1 -0.457878 -0.106077 
10.5 10.5 6 1 -0.465027 0.202474 
0.5 10.5 -0.5 1 -0.0446248 -0.0717393 
0.5 10.5 6 1 -0.0327277 0.177273 
0.5 5.5 9.5 1 0.0904651 0.344888 
10.5 5.5 9.5 1 -0.436309 0.432048 
0.5 6.5 -0.5 1 0.0355581 -0.111944 
0.5 8.5 -0.5 1 -0.0072803 -0.0904645 
0.5 8.5 4.5 1 0.00372446 0.112013 
0.5 6.5 4.5 1 0.0490075 0.10518 
0.5 2.5 2 1 0.153499 -0.0418435 
0.5 4.5 2 1 0.0933213 -0.0221344 
0.5 4.5 4.5 1 0.101773 0.0972182 
0.5 2.5 4.5 1 0.164042 0.0878222 
