0 0 0 1 0.266428 -0.269869 
0 0 6.5 1 0.311011 0.119322 
10 0 0 1 -0.369396 -0.284579 
10 0 6.5 1 -0.334998 0.200466 
10 10 0 1 -0.355369 -0.126608 
10 10 6.5 1 -0.335133 0.157961 
0 10 0 1 0.0493188 -0.13672 
0 10 6.5 1 0.0738666 0.111929 
0 5 10 1 0.183485 0.283456 
10 5 10 1 -0.320839 0.374095 
0 6 0 1 0.114192 -0.176505 
0 8 0 1 0.0792327 -0.155066 
0 8 5 1 0.0999443 0.0502258 
0 6 5 1 0.137208 0.0460355 
0 2 2.5 1 0.219976 -0.0999035 
0 4 2.5 1 0.168413 -0.0814183 
0 4 5 1 0.18145 0.0410604 
0 2 5 1 0.234831 0.0350575 
0.5 0.5 -0.5 1 0.221384 -0.288815 
0.5 0.5 6 1 0.263865 0.0918318 
10.5 0.5 -0.5 1 -0.409158 -0.307586 
10.5 0.5 6 1 -0.376936 0.164263 
10.5 10.5 -0.5 1 -0.379212 -0.142618 
10.5 10.5 6 1 -0.359736 0.137361 
0.5 10.5 -0.5 1 0.0231325 -0.150647 
0.5 10.5 6 1 0.0469189 0.0944895 
0.5 5.5 9.5 1 0.14843 0.259132 
10.5 5.5 9.5 1 -0.352532 0.343633 
0.5 6.5 -0.5 1 0.0826745 -0.192143 
0.5 8.5 -0.5 1 0.0506205 -0.169804 
0.5 8.5 4.5 1 0.0706439 0.0323768 
0.5 6.5 4.5 1 0.104866 0.0267462 
0.5 2.5 2 1 0.179907 -0.120226 
0.5 4.5 2 1 0.132861 -0.100193 
0.5 4.5 4.5 1 0.145388 0.0200789 
0.5 2.5 4.5 1 0.194127 0.0120595 
