0 0 0 1 0.133185 -0.418914 
0 0 6.5 1 0.139175 -0.129164 
10 0 0 1 0.61702 -0.566137 
10 0 6.5 1 0.590945 -0.121788 
10 10 0 1 0.128501 -0.784437 
10 10 6.5 1 0.14334 -0.0505575 
0 10 0 1 -0.296157 -0.48184 
0 10 6.5 1 -0.260511 -0.0918679 
0 5 10 1 -0.0238664 0.0510678 
10 5 10 1 0.411061 0.164741 
0 6 0 1 -0.0924078 -0.451978 
0 8 0 1 -0.187533 -0.46592 
0 8 5 1 -0.166577 -0.181386 
0 6 5 1 -0.0769145 -0.184958 
0 2 2.5 1 0.0701546 -0.307437 
0 4 2.5 1 -0.00273896 -0.311209 
0 4 5 1 0.00269676 -0.188129 
0 2 5 1 0.0738571 -0.190963 
0.5 0.5 -0.5 1 0.132589 -0.450541 
0.5 0.5 6 1 0.138811 -0.14939 
10.5 0.5 -0.5 1 0.643106 -0.623869 
10.5 0.5 6 1 0.613699 -0.1522 
10.5 10.5 -0.5 1 0.126425 -0.905947 
10.5 10.5 6 1 0.142784 -0.0945494 
0.5 10.5 -0.5 1 -0.317989 -0.528316 
0.5 10.5 6 1 -0.279244 -0.117411 
0.5 5.5 9.5 1 -0.0304223 0.0353471 
10.5 5.5 9.5 1 0.427008 0.146242 
0.5 6.5 -0.5 1 -0.102731 -0.49116 
0.5 8.5 -0.5 1 -0.202904 -0.508451 
0.5 8.5 4.5 1 -0.180285 -0.209501 
0.5 6.5 4.5 1 -0.0861313 -0.211481 
0.5 2.5 2 1 0.0672103 -0.33606 
0.5 4.5 2 1 -0.00871023 -0.341683 
0.5 4.5 4.5 1 -0.00293672 -0.21323 
0.5 2.5 4.5 1 0.0711072 -0.214787 
