0 0 0 1 0.292576 -0.300714 
0 0 6.5 1 0.253877 0.0426792 
10 0 0 1 0.394096 -0.533798 
10 0 6.5 1 0.308751 0.1762 
10 10 0 1 -0.581568 -0.537175 
10 10 6.5 1 -0.59516 0.0574211 
0 10 0 1 -0.209747 -0.323636 
0 10 6.5 1 -0.228975 -0.00967461 
0 5 10 1 -0.0130146 0.182993 
10 5 10 1 -0.204339 0.426588 
0 6 0 1 -0.0201699 -0.314985 
0 8 0 1 -0.11671 -0.31939 
0 8 5 1 -0.134229 -0.0718086 
0 6 5 1 -0.0404908 -0.0629736 
0 2 2.5 1 0.170793 -0.173208 
0 4 2.5 1 0.0682593 -0.180407 
0 4 5 1 0.0567512 -0.0538083 
0 2 5 1 0.157698 -0.0442938 
0.5 0.5 -0.5 1 0.269916 -0.335746 
0.5 0.5 6 1 0.231114 0.0170338 
10.5 0.5 -0.5 1 0.350628 -0.621637 
10.5 0.5 6 1 0.264332 0.129668 
10.5 10.5 -0.5 1 -0.659494 -0.609298 
10.5 10.5 6 1 -0.66883 0.0139416 
0.5 10.5 -0.5 1 -0.241495 -0.355929 
0.5 10.5 6 1 -0.2601 -0.0341468 
0.5 5.5 9.5 1 -0.0402279 0.162103 
10.5 5.5 9.5 1 -0.265243 0.396584 
0.5 6.5 -0.5 1 -0.0487556 -0.348322 
0.5 8.5 -0.5 1 -0.146947 -0.352197 
0.5 8.5 4.5 1 -0.164072 -0.0982947 
0.5 6.5 4.5 1 -0.0687829 -0.0897576 
0.5 2.5 2 1 0.146004 -0.204038 
0.5 4.5 2 1 0.0415652 -0.210807 
0.5 4.5 4.5 1 0.0301505 -0.080894 
0.5 2.5 4.5 1 0.132941 -0.0716849 
