0 0 0 1 -0.497303 -0.444177 
0 0 6.5 1 -0.493326 -0.0827141 
10 0 0 1 -0.0448785 -0.348817 
10 0 6.5 1 -0.0596516 -0.079992 
10 10 0 1 0.309167 -0.41599 
10 10 6.5 1 0.267783 -0.0242906 
0 10 0 1 -0.270289 -0.623627 
0 10 6.5 1 -0.283526 0.00175516 
0 5 10 1 -0.415428 0.171419 
10 5 10 1 0.0623076 0.102528 
0 6 0 1 -0.392612 -0.526932 
0 8 0 1 -0.339453 -0.568954 
0 8 5 1 -0.344384 -0.1416 
0 6 5 1 -0.39414 -0.148622 
0 2 2.5 1 -0.467879 -0.309254 
0 4 2.5 1 -0.434404 -0.31972 
0 4 5 1 -0.434077 -0.154259 
0 2 5 1 -0.466842 -0.158883 
0.5 0.5 -0.5 1 -0.460432 -0.472461 
0.5 0.5 6 1 -0.458359 -0.106578 
10.5 0.5 -0.5 1 -0.0146275 -0.369209 
10.5 0.5 6 1 -0.0306864 -0.0979348 
10.5 10.5 -0.5 1 0.357075 -0.446676 
10.5 10.5 6 1 0.312586 -0.0497583 
0.5 10.5 -0.5 1 -0.201816 -0.676233 
0.5 10.5 6 1 -0.221334 -0.0375543 
0.5 5.5 9.5 1 -0.372177 0.144933 
10.5 5.5 9.5 1 0.0965811 0.0831164 
0.5 6.5 -0.5 1 -0.341584 -0.566106 
0.5 8.5 -0.5 1 -0.280963 -0.613871 
0.5 8.5 4.5 1 -0.289537 -0.178505 
0.5 6.5 4.5 1 -0.345907 -0.18152 
0.5 2.5 2 1 -0.428162 -0.338277 
0.5 4.5 2 1 -0.390292 -0.351813 
0.5 4.5 4.5 1 -0.391044 -0.183935 
0.5 2.5 4.5 1 -0.428002 -0.185911 
