0 0 0 1 0.400837 -0.62099 
0 0 6.5 1 0.355759 -0.0824939 
10 0 0 1 -0.310748 -0.545075 
10 0 6.5 1 -0.291746 -0.112377 
10 10 0 1 -0.0641495 -0.411664 
10 10 6.5 1 -0.064346 -0.142836 
0 10 0 1 0.371697 -0.435502 
0 10 6.5 1 0.346837 -0.129342 
0 5 10 1 0.3347 0.0760206 
10 5 10 1 -0.150113 0.0313689 
0 6 0 1 0.379653 -0.486144 
0 8 0 1 0.375294 -0.4584 
0 8 5 1 0.353981 -0.196943 
0 6 5 1 0.355973 -0.197017 
0 2 2.5 1 0.376147 -0.374325 
0 4 2.5 1 0.371322 -0.353885 
0 4 5 1 0.358408 -0.197107 
0 2 5 1 0.361455 -0.197219 
0.5 0.5 -0.5 1 0.359339 -0.644584 
0.5 0.5 6 1 0.319792 -0.124128 
10.5 0.5 -0.5 1 -0.320455 -0.566612 
10.5 0.5 6 1 -0.301303 -0.145608 
10.5 10.5 -0.5 1 -0.0753646 -0.427919 
10.5 10.5 6 1 -0.0750092 -0.163628 
0.5 10.5 -0.5 1 0.348581 -0.453442 
0.5 10.5 6 1 0.325556 -0.153157 
0.5 5.5 9.5 1 0.309339 0.0417109 
10.5 5.5 9.5 1 -0.160679 0.00278358 
0.5 6.5 -0.5 1 0.351557 -0.506322 
0.5 8.5 -0.5 1 0.34993 -0.477418 
0.5 8.5 4.5 1 0.330333 -0.221537 
0.5 6.5 4.5 1 0.329965 -0.224006 
0.5 2.5 2 1 0.342071 -0.402782 
0.5 4.5 2 1 0.341185 -0.379811 
0.5 4.5 4.5 1 0.329518 -0.227009 
0.5 2.5 4.5 1 0.328963 -0.23074 
