0 0 0 1 0.278724 -0.276546 
0 0 6.5 1 0.244485 0.0443812 
10 0 0 1 0.596664 -0.515095 
10 0 6.5 1 0.523348 0.120543 
10 10 0 1 -0.403005 -0.64078 
10 10 6.5 1 -0.460125 0.0276948 
0 10 0 1 -0.220572 -0.332646 
0 10 6.5 1 -0.250736 -0.0035544 
0 5 10 1 -0.0173323 0.193081 
10 5 10 1 0.00877507 0.415806 
0 6 0 1 -0.0180091 -0.309886 
0 8 0 1 -0.118807 -0.321212 
0 8 5 1 -0.142717 -0.0687783 
0 6 5 1 -0.0425598 -0.0587268 
0 2 2.5 1 0.167798 -0.162768 
0 4 2.5 1 0.0692003 -0.173252 
0 4 5 1 0.0566581 -0.0487696 
0 2 5 1 0.15495 -0.0389054 
0.5 0.5 -0.5 1 0.264634 -0.311143 
0.5 0.5 6 1 0.229602 0.0188499 
10.5 0.5 -0.5 1 0.585728 -0.599052 
10.5 0.5 6 1 0.508604 0.073159 
10.5 10.5 -0.5 1 -0.473404 -0.736475 
10.5 10.5 6 1 -0.532352 -0.0274396 
0.5 10.5 -0.5 1 -0.249058 -0.369674 
0.5 10.5 6 1 -0.279775 -0.0310436 
0.5 5.5 9.5 1 -0.0394804 0.17145 
10.5 5.5 9.5 1 -0.0348111 0.384214 
0.5 6.5 -0.5 1 -0.0405731 -0.345919 
0.5 8.5 -0.5 1 -0.144304 -0.357738 
0.5 8.5 4.5 1 -0.168681 -0.0980095 
0.5 6.5 4.5 1 -0.0656292 -0.0875386 
0.5 2.5 2 1 0.150645 -0.194272 
0.5 4.5 2 1 0.0492409 -0.205198 
0.5 4.5 4.5 1 0.0364298 -0.0771686 
0.5 2.5 4.5 1 0.13751 -0.0668981 
