0 0 0 1 0.263904 -0.149487 
0 0 6.5 1 0.248519 0.206425 
10 0 0 1 -0.0486191 -0.41562 
10 0 6.5 1 -0.105239 0.229905 
10 10 0 1 -0.566036 -0.267389 
10 10 6.5 1 -0.630973 0.150003 
0 10 0 1 -0.145657 -0.112884 
0 10 6.5 1 -0.17219 0.160649 
0 5 10 1 -0.00291619 0.357754 
10 5 10 1 -0.466154 0.483952 
0 6 0 1 -0.00637159 -0.125332 
0 8 0 1 -0.0793263 -0.118812 
0 8 5 1 -0.0986448 0.099901 
0 6 5 1 -0.0244709 0.104435 
0 2 2.5 1 0.156727 -0.0148647 
0 4 2.5 1 0.0661296 -0.0134428 
0 4 5 1 0.0577484 0.10946 
0 2 5 1 0.149397 0.115062 
0.5 0.5 -0.5 1 0.229759 -0.180754 
0.5 0.5 6 1 0.212689 0.175251 
10.5 0.5 -0.5 1 -0.112973 -0.474397 
10.5 0.5 6 1 -0.175817 0.171266 
10.5 10.5 -0.5 1 -0.610543 -0.304938 
10.5 10.5 6 1 -0.678335 0.112535 
0.5 10.5 -0.5 1 -0.173363 -0.136912 
0.5 10.5 6 1 -0.200988 0.136677 
0.5 5.5 9.5 1 -0.03564 0.330734 
10.5 5.5 9.5 1 -0.525343 0.438494 
0.5 6.5 -0.5 1 -0.0363542 -0.151813 
0.5 8.5 -0.5 1 -0.108128 -0.144007 
0.5 8.5 4.5 1 -0.128348 0.0747459 
0.5 6.5 4.5 1 -0.0554333 0.0779974 
0.5 2.5 2 1 0.123511 -0.0443381 
0.5 4.5 2 1 0.034345 -0.0413314 
0.5 4.5 4.5 1 0.0254209 0.0816031 
0.5 2.5 4.5 1 0.115586 0.085624 
