0 0 0 1 0.363028 -0.679378 
0 0 6.5 1 0.347944 -0.166789 
10 0 0 1 -0.362808 -0.602608 
10 0 6.5 1 -0.320151 -0.146502 
10 10 0 1 -0.154434 -0.438293 
10 10 6.5 1 -0.138097 -0.165027 
0 10 0 1 0.273226 -0.470824 
0 10 6.5 1 0.268871 -0.178225 
0 5 10 1 0.294578 0.00755372 
10 5 10 1 -0.19533 0.00984435 
0 6 0 1 0.297943 -0.528225 
0 8 0 1 0.284421 -0.496821 
0 8 5 1 0.280242 -0.247427 
0 6 5 1 0.292709 -0.25264 
0 2 2.5 1 0.331126 -0.436033 
0 4 2.5 1 0.31117 -0.408796 
0 4 5 1 0.307917 -0.259 
0 2 5 1 0.326881 -0.266931 
0.5 0.5 -0.5 1 0.317446 -0.699189 
0.5 0.5 6 1 0.306641 -0.201511 
10.5 0.5 -0.5 1 -0.380744 -0.622794 
10.5 0.5 6 1 -0.337984 -0.178494 
10.5 10.5 -0.5 1 -0.169262 -0.453641 
10.5 10.5 6 1 -0.152527 -0.184631 
0.5 10.5 -0.5 1 0.248692 -0.486534 
0.5 10.5 6 1 0.245644 -0.198817 
0.5 5.5 9.5 1 0.265875 -0.0217112 
10.5 5.5 9.5 1 -0.211328 -0.0173844 
0.5 6.5 -0.5 1 0.267825 -0.545714 
0.5 8.5 -0.5 1 0.257378 -0.513399 
0.5 8.5 4.5 1 0.25443 -0.268621 
0.5 6.5 4.5 1 0.264109 -0.275762 
0.5 2.5 2 1 0.293471 -0.460075 
0.5 4.5 2 1 0.278183 -0.43092 
0.5 4.5 4.5 1 0.27586 -0.284433 
0.5 2.5 4.5 1 0.290431 -0.295184 
