0 0 0 1 -0.423363 -0.421436 
0 0 6.5 1 -0.439598 -0.0920782 
10 0 0 1 0.00709094 -0.321786 
10 0 6.5 1 -0.0156865 -0.061847 
10 10 0 1 0.322912 -0.413154 
10 10 6.5 1 0.27795 -0.0205159 
0 10 0 1 -0.286397 -0.630299 
0 10 6.5 1 -0.321046 -0.0542659 
0 5 10 1 -0.407339 0.135123 
10 5 10 1 0.0859639 0.116114 
0 6 0 1 -0.360244 -0.517688 
0 8 0 1 -0.328164 -0.566607 
0 8 5 1 -0.350305 -0.177358 
0 6 5 1 -0.378939 -0.173691 
0 2 2.5 1 -0.413443 -0.306212 
0 4 2.5 1 -0.393828 -0.322761 
0 4 5 1 -0.40178 -0.170766 
0 2 5 1 -0.420426 -0.168378 
0.5 0.5 -0.5 1 -0.390632 -0.447451 
0.5 0.5 6 1 -0.407986 -0.113911 
10.5 0.5 -0.5 1 0.0365795 -0.341485 
10.5 0.5 6 1 0.0129333 -0.0789423 
10.5 10.5 -0.5 1 0.371887 -0.444329 
10.5 10.5 6 1 0.324666 -0.0457241 
0.5 10.5 -0.5 1 -0.22589 -0.680288 
0.5 10.5 6 1 -0.264204 -0.0913675 
0.5 5.5 9.5 1 -0.367631 0.110926 
10.5 5.5 9.5 1 0.120839 0.0976178 
0.5 6.5 -0.5 1 -0.315044 -0.554282 
0.5 8.5 -0.5 1 -0.276411 -0.608884 
0.5 8.5 4.5 1 -0.300667 -0.212014 
0.5 6.5 4.5 1 -0.335367 -0.204342 
0.5 2.5 2 1 -0.377925 -0.333015 
0.5 4.5 2 1 -0.354372 -0.352558 
0.5 4.5 4.5 1 -0.362959 -0.198241 
0.5 2.5 4.5 1 -0.385425 -0.193273 
