0 0 0 1 -0.714763 -0.524992 
0 0 6.5 1 -0.632424 0.00312218 
10 0 0 1 -0.239291 -0.363036 
10 0 6.5 1 -0.207514 -0.060413 
10 10 0 1 0.235283 -0.456088 
10 10 6.5 1 0.25389 -0.0898986 
0 10 0 1 0.0700235 -0.788333 
0 10 6.5 1 0.120652 -0.0306718 
0 5 10 1 -0.282119 0.290192 
10 5 10 1 0.0159814 0.0945733 
0 6 0 1 -0.312852 -0.659856 
0 8 0 1 -0.13654 -0.719019 
0 8 5 1 -0.0875442 -0.173261 
0 6 5 1 -0.257511 -0.155123 
0 2 2.5 1 -0.565911 -0.33938 
0 4 2.5 1 -0.434503 -0.367828 
0 4 5 1 -0.405481 -0.139332 
0 2 5 1 -0.535466 -0.12546 
0.5 0.5 -0.5 1 -0.653345 -0.562446 
0.5 0.5 6 1 -0.575927 -0.0410237 
10.5 0.5 -0.5 1 -0.208936 -0.386154 
10.5 0.5 6 1 -0.1785 -0.0857282 
10.5 10.5 -0.5 1 0.265989 -0.482766 
10.5 10.5 6 1 0.283134 -0.119806 
0.5 10.5 -0.5 1 0.137327 -0.834804 
0.5 10.5 6 1 0.181407 -0.0910186 
0.5 5.5 9.5 1 -0.225371 0.235314 
10.5 5.5 9.5 1 0.0446087 0.0659148 
0.5 6.5 -0.5 1 -0.246918 -0.702445 
0.5 8.5 -0.5 1 -0.0696222 -0.763517 
0.5 8.5 4.5 1 -0.0255828 -0.227145 
0.5 6.5 4.5 1 -0.196274 -0.205725 
0.5 2.5 2 1 -0.504981 -0.381632 
0.5 4.5 2 1 -0.372186 -0.412273 
0.5 4.5 4.5 1 -0.345299 -0.187025 
0.5 2.5 4.5 1 -0.476535 -0.170557 
