0 0 0 1 0.257307 -0.113126 
0 0 6.5 1 0.288637 0.262406 
10 0 0 1 -0.296801 -0.232504 
10 0 6.5 1 -0.3111 0.322963 
10 10 0 1 -0.460519 -0.0549509 
10 10 6.5 1 -0.479307 0.277153 
0 10 0 1 -0.0427226 -0.0113804 
0 10 6.5 1 -0.0364847 0.246822 
0 5 10 1 0.103098 0.433383 
10 5 10 1 -0.429194 0.547112 
0 6 0 1 0.0517627 -0.0434221 
0 8 0 1 0.00139229 -0.0263405 
0 8 5 1 0.00824191 0.182951 
0 6 5 1 0.0613003 0.180611 
0 2 2.5 1 0.186045 0.0410989 
0 4 2.5 1 0.116179 0.05464 
0 4 5 1 0.122835 0.177897 
0 2 5 1 0.195054 0.174712 
0.5 0.5 -0.5 1 0.214876 -0.136456 
0.5 0.5 6 1 0.242726 0.232619 
10.5 0.5 -0.5 1 -0.349008 -0.264397 
10.5 0.5 6 1 -0.368742 0.276986 
10.5 10.5 -0.5 1 -0.4905 -0.0761638 
10.5 10.5 6 1 -0.510987 0.250902 
0.5 10.5 -0.5 1 -0.0696332 -0.0283587 
0.5 10.5 6 1 -0.0647722 0.226792 
0.5 5.5 9.5 1 0.0667852 0.406744 
10.5 5.5 9.5 1 -0.471793 0.508462 
0.5 6.5 -0.5 1 0.0201903 -0.0624866 
0.5 8.5 -0.5 1 -0.0276689 -0.0443028 
0.5 8.5 4.5 1 -0.0220426 0.162373 
0.5 6.5 4.5 1 0.0282811 0.158549 
0.5 2.5 2 1 0.146919 0.017435 
0.5 4.5 2 1 0.0807928 0.0326653 
0.5 4.5 4.5 1 0.0865601 0.15412 
0.5 2.5 4.5 1 0.154842 0.148931 
