0 0 0 1 0.245849 -0.48489 
0 0 6.5 1 0.192423 0.136577 
10 0 0 1 -0.225262 -0.29627 
10 0 6.5 1 -0.265119 0.0646573 
10 10 0 1 0.137855 -0.173113 
10 10 6.5 1 0.11399 0.0911551 
0 10 0 1 0.586052 -0.234756 
0 10 6.5 1 0.560665 0.146553 
0 5 10 1 0.402259 0.407393 
10 5 10 1 -0.0622876 0.248465 
0 6 0 1 0.487329 -0.307342 
0 8 0 1 0.540829 -0.268006 
0 8 5 1 0.518967 0.048257 
0 6 5 1 0.462436 0.037669 
0 2 2.5 1 0.327635 -0.203996 
0 4 2.5 1 0.408813 -0.166772 
0 4 5 1 0.394283 0.0249044 
0 2 5 1 0.310515 0.00921502 
0.5 0.5 -0.5 1 0.237723 -0.493931 
0.5 0.5 6 1 0.187638 0.0854189 
10.5 0.5 -0.5 1 -0.211707 -0.309064 
10.5 0.5 6 1 -0.249724 0.0372462 
10.5 10.5 -0.5 1 0.137378 -0.186126 
10.5 10.5 6 1 0.114206 0.0702218 
0.5 10.5 -0.5 1 0.566974 -0.250713 
0.5 10.5 6 1 0.542276 0.114322 
0.5 5.5 9.5 1 0.387567 0.353482 
10.5 5.5 9.5 1 -0.0560348 0.218776 
0.5 6.5 -0.5 1 0.469686 -0.32258 
0.5 8.5 -0.5 1 0.522227 -0.283767 
0.5 8.5 4.5 1 0.501048 0.0179885 
0.5 6.5 4.5 1 0.445702 0.00523709 
0.5 2.5 2 1 0.315465 -0.22874 
0.5 4.5 2 1 0.393487 -0.191117 
0.5 4.5 4.5 1 0.379591 -0.00999462 
0.5 2.5 4.5 1 0.299235 -0.0285083 
