0 0 0 1 -0.173235 -0.0184087 
0 0 6.5 1 -0.185813 0.239987 
10 0 0 1 0.217089 -0.016998 
10 0 6.5 1 0.224983 0.246423 
10 10 0 1 0.324954 -0.154151 
10 10 6.5 1 0.347888 0.277237 
0 10 0 1 -0.306562 -0.152477 
0 10 6.5 1 -0.339019 0.265573 
0 5 10 1 -0.254659 0.439394 
10 5 10 1 0.2783 0.452743 
0 6 0 1 -0.237541 -0.0830724 
0 8 0 1 -0.268299 -0.114002 
0 8 5 1 -0.287751 0.167238 
0 6 5 1 -0.253392 0.17076 
0 2 2.5 1 -0.196612 0.0675507 
0 4 2.5 1 -0.218717 0.0553239 
0 4 5 1 -0.225459 0.173624 
0 2 5 1 -0.202303 0.175997 
0.5 0.5 -0.5 1 -0.157029 -0.0417705 
0.5 0.5 6 1 -0.168964 0.21982 
10.5 0.5 -0.5 1 0.240071 -0.0407684 
10.5 0.5 6 1 0.249344 0.225976 
10.5 10.5 -0.5 1 0.365709 -0.197002 
10.5 10.5 6 1 0.393078 0.243303 
0.5 10.5 -0.5 1 -0.28374 -0.194018 
0.5 10.5 6 1 -0.315101 0.232393 
0.5 5.5 9.5 1 -0.234278 0.417611 
10.5 5.5 9.5 1 0.311396 0.43071 
0.5 6.5 -0.5 1 -0.217828 -0.114823 
0.5 8.5 -0.5 1 -0.247116 -0.150014 
0.5 8.5 4.5 1 -0.265799 0.136107 
0.5 6.5 4.5 1 -0.232989 0.14299 
0.5 2.5 2 1 -0.179099 0.0432476 
0.5 4.5 2 1 -0.200008 0.0285158 
0.5 4.5 4.5 1 -0.206438 0.14856 
0.5 2.5 4.5 1 -0.184512 0.153161 
