0 0 0 1 0.0824976 -0.392627 
0 0 6.5 1 0.100028 -0.115965 
10 0 0 1 0.544058 -0.539748 
10 0 6.5 1 0.546733 -0.142039 
10 10 0 1 0.194893 -0.779448 
10 10 6.5 1 0.227154 -0.0982377 
0 10 0 1 -0.308571 -0.469069 
0 10 6.5 1 -0.265656 -0.079705 
0 5 10 1 -0.0391244 0.0630047 
10 5 10 1 0.432209 0.120719 
0 6 0 1 -0.118817 -0.431978 
0 8 0 1 -0.206441 -0.449106 
0 8 5 1 -0.179005 -0.169334 
0 6 5 1 -0.0960438 -0.171988 
0 2 2.5 1 0.0318765 -0.288614 
0 4 2.5 1 -0.0331422 -0.293884 
0 4 5 1 -0.0237582 -0.1743 
0 2 5 1 0.0397878 -0.176333 
0.5 0.5 -0.5 1 0.0834086 -0.423493 
0.5 0.5 6 1 0.101474 -0.136802 
10.5 0.5 -0.5 1 0.567879 -0.591795 
10.5 0.5 6 1 0.569486 -0.173067 
10.5 10.5 -0.5 1 0.207038 -0.89322 
10.5 10.5 6 1 0.24082 -0.148051 
0.5 10.5 -0.5 1 -0.326061 -0.516998 
0.5 10.5 6 1 -0.280322 -0.107476 
0.5 5.5 9.5 1 -0.0426249 0.0457661 
10.5 5.5 9.5 1 0.45354 0.0976611 
0.5 6.5 -0.5 1 -0.125949 -0.471302 
0.5 8.5 -0.5 1 -0.218018 -0.492326 
0.5 8.5 4.5 1 -0.189001 -0.199087 
0.5 6.5 4.5 1 -0.102039 -0.199718 
0.5 2.5 2 1 0.0310521 -0.317331 
0.5 4.5 2 1 -0.0364635 -0.324745 
0.5 4.5 4.5 1 -0.0266815 -0.200266 
0.5 2.5 4.5 1 0.0392495 -0.200745 
