0 0 0 1 0.404164 -0.559602 
0 0 6.5 1 0.350201 -0.0182013 
10 0 0 1 -0.290729 -0.49319 
10 0 6.5 1 -0.282122 -0.0741337 
10 10 0 1 -0.0306361 -0.375904 
10 10 6.5 1 -0.0373734 -0.110758 
0 10 0 1 0.406346 -0.393147 
0 10 6.5 1 0.374482 -0.0838276 
0 5 10 1 0.346129 0.130686 
10 5 10 1 -0.134617 0.0635037 
0 6 0 1 0.405749 -0.438648 
0 8 0 1 0.406076 -0.413725 
0 8 5 1 0.379004 -0.149837 
0 6 5 1 0.375984 -0.147059 
0 2 2.5 1 0.385638 -0.317829 
0 4 2.5 1 0.388333 -0.301767 
0 4 5 1 0.372292 -0.143664 
0 2 5 1 0.367676 -0.139419 
0.5 0.5 -0.5 1 0.365354 -0.585277 
0.5 0.5 6 1 0.317032 -0.0632284 
10.5 0.5 -0.5 1 -0.297132 -0.515316 
10.5 0.5 6 1 -0.288344 -0.107931 
10.5 10.5 -0.5 1 -0.0403401 -0.392525 
10.5 10.5 6 1 -0.046489 -0.132081 
0.5 10.5 -0.5 1 0.383963 -0.412126 
0.5 10.5 6 1 0.354063 -0.109188 
0.5 5.5 9.5 1 0.322286 0.0938571 
10.5 5.5 9.5 1 -0.142964 0.0342404 
0.5 6.5 -0.5 1 0.378804 -0.460125 
0.5 8.5 -0.5 1 0.381623 -0.433898 
0.5 8.5 4.5 1 0.356378 -0.17605 
0.5 6.5 4.5 1 0.351246 -0.175901 
0.5 2.5 2 1 0.353589 -0.348447 
0.5 4.5 2 1 0.359744 -0.329524 
0.5 4.5 4.5 1 0.345008 -0.17572 
0.5 2.5 4.5 1 0.337265 -0.175495 
