0 0 0 1 0.0418963 -0.284364 
0 0 6.5 1 0.0659566 -0.0232224 
10 0 0 1 0.47718 -0.401153 
10 0 6.5 1 0.500585 -0.0514576 
10 10 0 1 0.247754 -0.595017 
10 10 6.5 1 0.295287 0.00646168 
0 10 0 1 -0.30294 -0.353353 
0 10 6.5 1 -0.260652 0.0265392 
0 5 10 1 -0.0511929 0.159294 
10 5 10 1 0.440947 0.199123 
0 6 0 1 -0.132915 -0.319337 
0 8 0 1 -0.210781 -0.334915 
0 8 5 1 -0.182203 -0.0658259 
0 6 5 1 -0.10762 -0.0710412 
0 2 2.5 1 0.0017227 -0.186265 
0 4 2.5 1 -0.05487 -0.189999 
0 4 5 1 -0.0436315 -0.0755156 
0 2 5 1 0.0118699 -0.0793966 
0.5 0.5 -0.5 1 0.0445572 -0.312311 
0.5 0.5 6 1 0.0692967 -0.0429285 
10.5 0.5 -0.5 1 0.49864 -0.443696 
10.5 0.5 6 1 0.522544 -0.0790686 
10.5 10.5 -0.5 1 0.269176 -0.684844 
10.5 10.5 6 1 0.319283 -0.0378014 
0.5 10.5 -0.5 1 -0.314506 -0.397803 
0.5 10.5 6 1 -0.2701 -0.000217945 
0.5 5.5 9.5 1 -0.0513874 0.142508 
10.5 5.5 9.5 1 0.465501 0.177109 
0.5 6.5 -0.5 1 -0.136206 -0.355351 
0.5 8.5 -0.5 1 -0.217554 -0.374719 
0.5 8.5 4.5 1 -0.187714 -0.0941348 
0.5 6.5 4.5 1 -0.109922 -0.0972991 
0.5 2.5 2 1 0.003253 -0.212793 
0.5 4.5 2 1 -0.0551887 -0.218618 
0.5 4.5 4.5 1 -0.043561 -0.0999984 
0.5 2.5 4.5 1 0.0137161 -0.102328 
