0 0 0 1 -0.673938 -0.384771 
0 0 6.5 1 -0.60206 0.165669 
10 0 0 1 -0.247491 -0.246893 
10 0 6.5 1 -0.214597 0.0560242 
10 10 0 1 0.233664 -0.323931 
10 10 6.5 1 0.262187 0.0224685 
0 10 0 1 0.197461 -0.584672 
0 10 6.5 1 0.256735 0.128444 
0 5 10 1 -0.190815 0.467192 
10 5 10 1 0.0246386 0.20976 
0 6 0 1 -0.205928 -0.492133 
0 8 0 1 -0.0153946 -0.535842 
0 8 5 1 0.0340202 -0.0136012 
0 6 5 1 -0.15403 0.00229517 
0 2 2.5 1 -0.50497 -0.191051 
0 4 2.5 1 -0.350304 -0.215095 
0 4 5 1 -0.323811 0.0166471 
0 2 5 1 -0.477861 0.0296694 
0.5 0.5 -0.5 1 -0.608764 -0.422478 
0.5 0.5 6 1 -0.540638 0.114607 
10.5 0.5 -0.5 1 -0.217774 -0.269836 
10.5 0.5 6 1 -0.185842 0.0289939 
10.5 10.5 -0.5 1 0.259319 -0.348751 
10.5 10.5 6 1 0.286897 -0.00769046 
0.5 10.5 -0.5 1 0.250886 -0.626117 
0.5 10.5 6 1 0.306235 0.0647139 
0.5 5.5 9.5 1 -0.135069 0.402275 
10.5 5.5 9.5 1 0.0512422 0.178881 
0.5 6.5 -0.5 1 -0.145382 -0.532247 
0.5 8.5 -0.5 1 0.0421474 -0.57667 
0.5 8.5 4.5 1 0.0884435 -0.0699932 
0.5 6.5 4.5 1 -0.0965998 -0.0517869 
0.5 2.5 2 1 -0.442306 -0.235441 
0.5 4.5 2 1 -0.289171 -0.260902 
0.5 4.5 4.5 1 -0.264185 -0.0352983 
0.5 2.5 4.5 1 -0.416671 -0.0202953 
