0 0 0 1 -0.573795 -0.283091 
0 0 6.5 1 -0.533491 0.325795 
10 0 0 1 -0.251101 -0.125804 
10 0 6.5 1 -0.22486 0.188906 
10 10 0 1 0.237208 -0.182656 
10 10 6.5 1 0.273584 0.146226 
0 10 0 1 0.376103 -0.412256 
0 10 6.5 1 0.455677 0.252016 
0 5 10 1 -0.029092 0.651763 
10 5 10 1 0.0356846 0.34603 
0 6 0 1 -0.0247853 -0.357744 
0 8 0 1 0.17191 -0.38449 
0 8 5 1 0.22576 0.113177 
0 6 5 1 0.0226866 0.131266 
0 2 2.5 1 -0.379527 -0.0738751 
0 4 2.5 1 -0.193902 -0.0948116 
0 4 5 1 -0.172868 0.148685 
0 2 5 1 -0.361314 0.165471 
0.5 0.5 -0.5 1 -0.505464 -0.317661 
0.5 0.5 6 1 -0.464712 0.263505 
10.5 0.5 -0.5 1 -0.222043 -0.147715 
10.5 0.5 6 1 -0.19591 0.159425 
10.5 10.5 -0.5 1 0.25612 -0.204245 
10.5 10.5 6 1 0.29196 0.116378 
0.5 10.5 -0.5 1 0.40679 -0.444006 
0.5 10.5 6 1 0.483646 0.18739 
0.5 5.5 9.5 1 0.020656 0.57031 
10.5 5.5 9.5 1 0.0594253 0.311876 
0.5 6.5 -0.5 1 0.0226842 -0.390808 
0.5 8.5 -0.5 1 0.211308 -0.416932 
0.5 8.5 4.5 1 0.263695 0.0567114 
0.5 6.5 4.5 1 0.0692214 0.0749897 
0.5 2.5 2 1 -0.317641 -0.118584 
0.5 4.5 2 1 -0.139165 -0.139372 
0.5 4.5 4.5 1 -0.118376 0.0926217 
0.5 2.5 4.5 1 -0.299454 0.109641 
