0 0 0 1 0.112671 -0.316187 
0 0 6.5 1 0.0707484 0.346194 
10 0 0 1 -0.239478 -0.137278 
10 0 6.5 1 -0.278691 0.221574 
10 10 0 1 0.16193 -0.0495758 
10 10 6.5 1 0.146827 0.227683 
0 10 0 1 0.604486 -0.119399 
0 10 6.5 1 0.606452 0.309712 
0 5 10 1 0.392477 0.636027 
10 5 10 1 -0.051451 0.404596 
0 6 0 1 0.455664 -0.178946 
0 8 0 1 0.535662 -0.146937 
0 8 5 1 0.534016 0.203116 
0 6 5 1 0.449773 0.199335 
0 2 2.5 1 0.239516 -0.0428352 
0 4 2.5 1 0.355831 -0.0164951 
0 4 5 1 0.34981 0.19485 
0 2 5 1 0.229275 0.189441 
0.5 0.5 -0.5 1 0.120817 -0.330439 
0.5 0.5 6 1 0.0827226 0.281159 
10.5 0.5 -0.5 1 -0.221048 -0.152387 
10.5 0.5 6 1 -0.257797 0.191045 
10.5 10.5 -0.5 1 0.164031 -0.064023 
10.5 10.5 6 1 0.149481 0.203949 
0.5 10.5 -0.5 1 0.587288 -0.137959 
0.5 10.5 6 1 0.588213 0.269301 
0.5 5.5 9.5 1 0.382597 0.565244 
10.5 5.5 9.5 1 -0.0411487 0.37074 
0.5 6.5 -0.5 1 0.443723 -0.197198 
0.5 8.5 -0.5 1 0.520629 -0.165465 
0.5 8.5 4.5 1 0.518394 0.165726 
0.5 6.5 4.5 1 0.437581 0.159143 
0.5 2.5 2 1 0.238949 -0.0737864 
0.5 4.5 2 1 0.348452 -0.0463568 
0.5 4.5 4.5 1 0.342601 0.151406 
0.5 2.5 4.5 1 0.229372 0.142183 
