0 0 0 1 0.257709 -0.246161 
0 0 6.5 1 0.301098 0.131846 
10 0 0 1 -0.353619 -0.304238 
10 0 6.5 1 -0.334173 0.19443 
10 10 0 1 -0.390253 -0.116938 
10 10 6.5 1 -0.380325 0.178382 
0 10 0 1 0.0167236 -0.107871 
0 10 6.5 1 0.0374299 0.140519 
0 5 10 1 0.157251 0.307895 
10 5 10 1 -0.355786 0.398444 
0 6 0 1 0.090081 -0.149967 
0 8 0 1 0.050696 -0.127366 
0 8 5 1 0.0685573 0.076235 
0 6 5 1 0.110467 0.069681 
0 2 2.5 1 0.204845 -0.0797182 
0 4 2.5 1 0.147894 -0.058989 
0 4 5 1 0.159846 0.0619589 
0 2 5 1 0.218885 0.0527261 
0.5 0.5 -0.5 1 0.213608 -0.265276 
0.5 0.5 6 1 0.254167 0.104929 
10.5 0.5 -0.5 1 -0.397125 -0.32781 
10.5 0.5 6 1 -0.380802 0.157363 
10.5 10.5 -0.5 1 -0.415808 -0.133612 
10.5 10.5 6 1 -0.406932 0.15694 
0.5 10.5 -0.5 1 -0.00961578 -0.122093 
0.5 10.5 6 1 0.0100533 0.122914 
0.5 5.5 9.5 1 0.121645 0.283669 
10.5 5.5 9.5 1 -0.390651 0.366685 
0.5 6.5 -0.5 1 0.0586202 -0.165861 
0.5 8.5 -0.5 1 0.0220161 -0.142382 
0.5 8.5 4.5 1 0.0389436 0.0582626 
0.5 6.5 4.5 1 0.0778887 0.0503483 
0.5 2.5 2 1 0.165083 -0.100003 
0.5 4.5 2 1 0.112411 -0.0778243 
0.5 4.5 4.5 1 0.12367 0.0410446 
0.5 2.5 4.5 1 0.178262 0.0299506 
