0 0 0 1 -0.166481 -0.0208629 
0 0 6.5 1 -0.17743 0.236476 
10 0 0 1 0.223594 -0.0228288 
10 0 6.5 1 0.233241 0.240994 
10 10 0 1 0.325048 -0.164641 
10 10 6.5 1 0.350471 0.267434 
0 10 0 1 -0.305072 -0.156083 
0 10 6.5 1 -0.335213 0.258849 
0 5 10 1 -0.24697 0.433691 
10 5 10 1 0.285648 0.446153 
0 6 0 1 -0.233423 -0.0861765 
0 8 0 1 -0.265378 -0.117354 
0 8 5 1 -0.283218 0.162061 
0 6 5 1 -0.247777 0.166204 
0 2 2.5 1 -0.189968 0.0644192 
0 4 2.5 1 -0.212901 0.0518753 
0 4 5 1 -0.218927 0.169576 
0 2 5 1 -0.194988 0.172375 
0.5 0.5 -0.5 1 -0.1507 -0.044365 
0.5 0.5 6 1 -0.161001 0.216196 
10.5 0.5 -0.5 1 0.246359 -0.0469449 
10.5 0.5 6 1 0.257417 0.220266 
10.5 10.5 -0.5 1 0.365366 -0.208308 
10.5 10.5 6 1 0.395311 0.232854 
0.5 10.5 -0.5 1 -0.283188 -0.197813 
0.5 10.5 6 1 -0.312258 0.225492 
0.5 5.5 9.5 1 -0.227192 0.411791 
10.5 5.5 9.5 1 0.318535 0.423797 
0.5 6.5 -0.5 1 -0.214362 -0.118098 
0.5 8.5 -0.5 1 -0.244969 -0.153548 
0.5 8.5 4.5 1 -0.26205 0.130764 
0.5 6.5 4.5 1 -0.228028 0.138282 
0.5 2.5 2 1 -0.172938 0.0399759 
0.5 4.5 2 1 -0.19475 0.0249165 
0.5 4.5 4.5 1 -0.200464 0.144374 
0.5 2.5 4.5 1 -0.177678 0.149409 
