0 0 0 1 0.25887 -0.499438 
0 0 6.5 1 0.203953 0.119564 
10 0 0 1 -0.224342 -0.312113 
10 0 6.5 1 -0.263866 0.0500472 
10 10 0 1 0.134938 -0.185841 
10 10 6.5 1 0.110457 0.0776759 
0 10 0 1 0.583639 -0.245827 
0 10 6.5 1 0.555869 0.131651 
0 5 10 1 0.402822 0.387698 
10 5 10 1 -0.0634116 0.233728 
0 6 0 1 0.489803 -0.319103 
0 8 0 1 0.540696 -0.279361 
0 8 5 1 0.516999 0.0342894 
0 6 5 1 0.463117 0.0234175 
0 2 2.5 1 0.335807 -0.217691 
0 4 2.5 1 0.41342 -0.179878 
0 4 5 1 0.398061 0.010291 
0 2 5 1 0.317955 -0.00587235 
0.5 0.5 -0.5 1 0.249128 -0.508401 
0.5 0.5 6 1 0.197611 0.069242 
10.5 0.5 -0.5 1 -0.211338 -0.324836 
10.5 0.5 6 1 -0.249097 0.0227661 
10.5 10.5 -0.5 1 0.134179 -0.198811 
10.5 10.5 6 1 0.1104 0.056914 
0.5 10.5 -0.5 1 0.564388 -0.261707 
0.5 10.5 6 1 0.537456 0.0999841 
0.5 5.5 9.5 1 0.387704 0.33502 
10.5 5.5 9.5 1 -0.0576092 0.204314 
0.5 6.5 -0.5 1 0.471631 -0.334291 
0.5 8.5 -0.5 1 0.521766 -0.295059 
0.5 8.5 4.5 1 0.498873 0.00446804 
0.5 6.5 4.5 1 0.445975 -0.00854447 
0.5 2.5 2 1 0.322542 -0.242207 
0.5 4.5 2 1 0.397359 -0.203997 
0.5 4.5 4.5 1 0.38269 -0.0241121 
0.5 2.5 4.5 1 0.305626 -0.0430695 
