0 0 0 1 0.256247 -0.15373 
0 0 6.5 1 0.29162 0.219669 
10 0 0 1 -0.313086 -0.262956 
10 0 6.5 1 -0.318781 0.272634 
10 10 0 1 -0.441862 -0.0746759 
10 10 6.5 1 -0.452663 0.245722 
0 10 0 1 -0.0277789 -0.0382702 
0 10 6.5 1 -0.0172503 0.216084 
0 5 10 1 0.117448 0.394708 
10 5 10 1 -0.409733 0.497036 
0 6 0 1 0.0609604 -0.0743437 
0 8 0 1 0.0135732 -0.0550803 
0 8 5 1 0.0237024 0.151552 
0 6 5 1 0.0737695 0.147198 
0 2 2.5 1 0.190168 0.00369737 
0 4 2.5 1 0.123762 0.0201953 
0 4 5 1 0.132063 0.142129 
0 2 5 1 0.200791 0.136152 
0.5 0.5 -0.5 1 0.213417 -0.175676 
0.5 0.5 6 1 0.245375 0.19092 
10.5 0.5 -0.5 1 -0.362908 -0.29192 
10.5 0.5 6 1 -0.373411 0.229729 
10.5 10.5 -0.5 1 -0.470563 -0.0943602 
10.5 10.5 6 1 -0.482887 0.221041 
0.5 10.5 -0.5 1 -0.0545077 -0.0543452 
0.5 10.5 6 1 -0.0452971 0.196853 
0.5 5.5 9.5 1 0.0812618 0.368881 
10.5 5.5 9.5 1 -0.450163 0.460593 
0.5 6.5 -0.5 1 0.0294457 -0.092364 
0.5 8.5 -0.5 1 -0.015358 -0.0720743 
0.5 8.5 4.5 1 -0.0064044 0.131843 
0.5 6.5 4.5 1 0.0408588 0.126056 
0.5 2.5 2 1 0.150878 -0.018821 
0.5 4.5 2 1 0.0883562 -0.00072287 
0.5 4.5 4.5 1 0.0957963 0.11933 
0.5 2.5 4.5 1 0.160443 0.111415 
