0 0 0 1 0.275303 -0.221966 
0 0 6.5 1 0.250092 0.127786 
10 0 0 1 0.0543446 -0.534501 
10 0 6.5 1 -0.00668542 0.129017 
10 10 0 1 -0.572851 -0.393517 
10 10 6.5 1 -0.63618 0.0537319 
0 10 0 1 -0.158954 -0.196874 
0 10 6.5 1 -0.18863 0.0818533 
0 5 10 1 -0.0100976 0.275677 
10 5 10 1 -0.421848 0.391202 
0 6 0 1 -0.00793539 -0.2056 
0 8 0 1 -0.0865944 -0.201055 
0 8 5 1 -0.108991 0.0212414 
0 6 5 1 -0.0298723 0.0264679 
0 2 2.5 1 0.161775 -0.0900481 
0 4 2.5 1 0.0673373 -0.0903512 
0 4 5 1 0.0565872 0.0321794 
0 2 5 1 0.151459 0.0384465 
0.5 0.5 -0.5 1 0.243934 -0.25511 
0.5 0.5 6 1 0.217603 0.09699 
10.5 0.5 -0.5 1 -0.00950657 -0.603342 
10.5 0.5 6 1 -0.0751855 0.068589 
10.5 10.5 -0.5 1 -0.623278 -0.438274 
10.5 10.5 6 1 -0.689223 0.0127916 
0.5 10.5 -0.5 1 -0.187159 -0.22315 
0.5 10.5 6 1 -0.217685 0.0570652 
0.5 5.5 9.5 1 -0.0414312 0.249295 
10.5 5.5 9.5 1 -0.483995 0.34582 
0.5 6.5 -0.5 1 -0.0374192 -0.234251 
0.5 8.5 -0.5 1 -0.115436 -0.228468 
0.5 8.5 4.5 1 -0.138519 -0.00494272 
0.5 6.5 4.5 1 -0.0600819 -0.000844278 
0.5 2.5 2 1 0.130617 -0.12076 
0.5 4.5 2 1 0.0368325 -0.119642 
0.5 4.5 4.5 1 0.0256944 0.00363764 
0.5 2.5 4.5 1 0.119891 0.00855951 
