0 0 0 1 0.403934 -0.574713 
0 0 6.5 1 0.351996 -0.0341261 
10 0 0 1 -0.295447 -0.505923 
10 0 6.5 1 -0.284267 -0.0835682 
10 10 0 1 -0.0387459 -0.385117 
10 10 6.5 1 -0.0438944 -0.119081 
0 10 0 1 0.397971 -0.404008 
0 10 6.5 1 0.367754 -0.0955251 
0 5 10 1 0.343481 0.116767 
10 5 10 1 -0.138261 0.0552594 
0 6 0 1 0.3996 -0.450652 
0 8 0 1 0.398708 -0.425102 
0 8 5 1 0.372983 -0.161848 
0 6 5 1 0.371253 -0.159707 
0 2 2.5 1 0.3837 -0.331863 
0 4 2.5 1 0.384452 -0.314829 
0 4 5 1 0.369138 -0.15709 
0 2 5 1 0.366493 -0.153818 
0.5 0.5 -0.5 1 0.364419 -0.599916 
0.5 0.5 6 1 0.318112 -0.0783162 
10.5 0.5 -0.5 1 -0.302671 -0.527948 
10.5 0.5 6 1 -0.291319 -0.117252 
10.5 10.5 -0.5 1 -0.048826 -0.401663 
10.5 10.5 6 1 -0.0533945 -0.140281 
0.5 10.5 -0.5 1 0.375407 -0.422742 
0.5 10.5 6 1 0.347124 -0.120501 
0.5 5.5 9.5 1 0.319261 0.0805776 
10.5 5.5 9.5 1 -0.147161 0.0261568 
0.5 6.5 -0.5 1 0.372363 -0.471826 
0.5 8.5 -0.5 1 0.374026 -0.445003 
0.5 8.5 4.5 1 0.350105 -0.187662 
0.5 6.5 4.5 1 0.346198 -0.188094 
0.5 2.5 2 1 0.35113 -0.361967 
0.5 4.5 2 1 0.355469 -0.342148 
0.5 4.5 4.5 1 0.341449 -0.188619 
0.5 2.5 4.5 1 0.335553 -0.189271 
