0 0 0 1 0.286881 -0.265246 
0 0 6.5 1 0.252895 0.0829264 
10 0 0 1 0.180726 -0.579977 
10 0 6.5 1 0.111761 0.116764 
10 10 0 1 -0.583903 -0.484084 
10 10 6.5 1 -0.637017 0.0144672 
0 10 0 1 -0.176095 -0.261403 
0 10 6.5 1 -0.205789 0.0290667 
0 5 10 1 -0.014332 0.224932 
10 5 10 1 -0.357527 0.372883 
0 6 0 1 -0.0105696 -0.262777 
0 8 0 1 -0.0961614 -0.262067 
0 8 5 1 -0.119586 -0.0311282 
0 6 5 1 -0.0346212 -0.0236463 
0 2 2.5 1 0.167494 -0.135829 
0 4 2.5 1 0.0689646 -0.13973 
0 4 5 1 0.0565949 -0.015614 
0 2 5 1 0.154778 -0.0069682 
0.5 0.5 -0.5 1 0.258682 -0.300089 
0.5 0.5 6 1 0.224083 0.0532233 
10.5 0.5 -0.5 1 0.120205 -0.660375 
10.5 0.5 6 1 0.0486789 0.0572574 
10.5 10.5 -0.5 1 -0.643491 -0.539091 
10.5 10.5 6 1 -0.698069 -0.0299351 
0.5 10.5 -0.5 1 -0.205381 -0.290367 
0.5 10.5 6 1 -0.235535 0.00367166 
0.5 5.5 9.5 1 -0.0442254 0.199857 
10.5 5.5 9.5 1 -0.422053 0.329931 
0.5 6.5 -0.5 1 -0.039732 -0.293837 
0.5 8.5 -0.5 1 -0.125425 -0.292042 
0.5 8.5 4.5 1 -0.149222 -0.0581698 
0.5 6.5 4.5 1 -0.0641782 -0.0515596 
0.5 2.5 2 1 0.138618 -0.167493 
0.5 4.5 2 1 0.0397895 -0.170269 
0.5 4.5 4.5 1 0.0272103 -0.0444562 
0.5 2.5 4.5 1 0.125681 -0.0368024 
