0 0 0 1 -0.290239 -0.386825 
0 0 6.5 1 -0.305312 0.265088 
10 0 0 1 -0.248679 -0.10443 
10 0 6.5 1 -0.253289 0.230276 
10 10 0 1 0.221514 -0.0927575 
10 10 6.5 1 0.244996 0.210391 
0 10 0 1 0.555148 -0.320177 
0 10 6.5 1 0.635735 0.221636 
0 5 10 1 0.238895 0.623211 
10 5 10 1 0.0148719 0.407981 
0 6 0 1 0.252205 -0.34406 
0 8 0 1 0.408758 -0.331718 
0 8 5 1 0.458902 0.0885628 
0 6 5 1 0.290356 0.0910079 
0 2 2.5 1 -0.0921858 -0.148219 
0 4 2.5 1 0.0959498 -0.141758 
0 4 5 1 0.108571 0.093645 
0 2 5 1 -0.0880761 0.0964977 
0.5 0.5 -0.5 1 -0.238151 -0.398943 
0.5 0.5 6 1 -0.24568 0.206346 
10.5 0.5 -0.5 1 -0.222303 -0.120134 
10.5 0.5 6 1 -0.225096 0.201932 
10.5 10.5 -0.5 1 0.231518 -0.107424 
10.5 10.5 6 1 0.254828 0.185318 
0.5 10.5 -0.5 1 0.555215 -0.3339 
0.5 10.5 6 1 0.63118 0.175364 
0.5 5.5 9.5 1 0.260125 0.542515 
10.5 5.5 9.5 1 0.0334015 0.374048 
0.5 6.5 -0.5 1 0.269081 -0.357358 
0.5 8.5 -0.5 1 0.416689 -0.345257 
0.5 8.5 4.5 1 0.464562 0.0495437 
0.5 6.5 4.5 1 0.306346 0.050456 
0.5 2.5 2 1 -0.0520286 -0.175186 
0.5 4.5 2 1 0.123453 -0.168159 
0.5 4.5 4.5 1 0.136476 0.0514354 
0.5 2.5 4.5 1 -0.0463826 0.0524897 
