0 0 0 1 -0.632585 -0.306151 
0 0 6.5 1 -0.573181 0.268947 
10 0 0 1 -0.249121 -0.174494 
10 0 6.5 1 -0.217976 0.132495 
10 10 0 1 0.236179 -0.242173 
10 10 6.5 1 0.26955 0.0948691 
0 10 0 1 0.285381 -0.471242 
0 10 6.5 1 0.353494 0.21919 
0 5 10 1 -0.117856 0.582598 
10 5 10 1 0.0317616 0.287147 
0 6 0 1 -0.122651 -0.39786 
0 8 0 1 0.073509 -0.433138 
0 8 5 1 0.124468 0.0778715 
0 6 5 1 -0.073097 0.0941618 
0 2 2.5 1 -0.450845 -0.105356 
0 4 2.5 1 -0.280647 -0.127627 
0 4 5 1 -0.256568 0.10929 
0 2 5 1 -0.427401 0.123376 
0.5 0.5 -0.5 1 -0.565349 -0.343731 
0.5 0.5 6 1 -0.508143 0.211986 
10.5 0.5 -0.5 1 -0.219739 -0.197288 
10.5 0.5 6 1 -0.18921 0.10409 
10.5 10.5 -0.5 1 0.258582 -0.265784 
10.5 10.5 6 1 0.291243 0.0645077 
0.5 10.5 -0.5 1 0.328356 -0.509356 
0.5 10.5 6 1 0.393578 0.153329 
0.5 5.5 9.5 1 -0.0639965 0.509222 
10.5 5.5 9.5 1 0.0570165 0.254501 
0.5 6.5 -0.5 1 -0.0673961 -0.436014 
0.5 8.5 -0.5 1 0.123158 -0.471328 
0.5 8.5 4.5 1 0.172013 0.0198921 
0.5 6.5 4.5 1 -0.0198316 0.0376352 
0.5 2.5 2 1 -0.387819 -0.151187 
0.5 4.5 2 1 -0.221626 -0.174227 
0.5 4.5 4.5 1 -0.198486 0.0541585 
0.5 2.5 4.5 1 -0.365266 0.0695834 
