0 0 0 1 -0.571598 -0.462752 
0 0 6.5 1 -0.542272 -0.0660356 
10 0 0 1 -0.0990645 -0.372351 
10 0 6.5 1 -0.101867 -0.0940232 
10 10 0 1 0.292476 -0.433545 
10 10 6.5 1 0.261376 -0.0437389 
0 10 0 1 -0.229568 -0.634941 
0 10 6.5 1 -0.220954 0.0353273 
0 5 10 1 -0.408594 0.206242 
10 5 10 1 0.0441723 0.0867249 
0 6 0 1 -0.412409 -0.542893 
0 8 0 1 -0.332536 -0.583104 
0 8 5 1 -0.318221 -0.119101 
0 6 5 1 -0.393816 -0.130073 
0 2 2.5 1 -0.516755 -0.310249 
0 4 2.5 1 -0.465312 -0.318599 
0 4 5 1 -0.455162 -0.138976 
0 2 5 1 -0.505941 -0.146346 
0.5 0.5 -0.5 1 -0.530028 -0.494261 
0.5 0.5 6 1 -0.503501 -0.0934069 
10.5 0.5 -0.5 1 -0.0683944 -0.393979 
10.5 0.5 6 1 -0.0727509 -0.113608 
10.5 10.5 -0.5 1 0.33791 -0.464487 
10.5 10.5 6 1 0.30349 -0.0706659 
0.5 10.5 -0.5 1 -0.154615 -0.690975 
0.5 10.5 6 1 -0.15465 -0.00888308 
0.5 5.5 9.5 1 -0.361789 0.175296 
10.5 5.5 9.5 1 0.0775402 0.0653572 
0.5 6.5 -0.5 1 -0.355652 -0.585633 
0.5 8.5 -0.5 1 -0.26793 -0.631599 
0.5 8.5 4.5 1 -0.258756 -0.160326 
0.5 6.5 4.5 1 -0.341064 -0.167051 
0.5 2.5 2 1 -0.472461 -0.342759 
0.5 4.5 2 1 -0.416367 -0.354346 
0.5 4.5 4.5 1 -0.407768 -0.172502 
0.5 2.5 4.5 1 -0.46292 -0.177008 
