0 0 0 1 0.255931 -0.166905 
0 0 6.5 1 0.292501 0.206096 
10 0 0 1 -0.31826 -0.27201 
10 0 6.5 1 -0.321095 0.257763 
10 10 0 1 -0.43586 -0.0811203 
10 10 6.5 1 -0.4441 0.235731 
0 10 0 1 -0.0228812 -0.0473179 
0 10 6.5 1 -0.0110101 0.20592 
0 5 10 1 0.122032 0.382214 
10 5 10 1 -0.403433 0.481616 
0 6 0 1 0.0639944 -0.0845804 
0 8 0 1 0.017576 -0.0646707 
0 8 5 1 0.0287288 0.141224 
0 6 5 1 0.0778186 0.136297 
0 2 2.5 1 0.191515 -0.00839462 
0 4 2.5 1 0.126243 0.008976 
0 4 5 1 0.135048 0.130554 
0 2 5 1 0.202624 0.123773 
0.5 0.5 -0.5 1 0.212973 -0.188418 
0.5 0.5 6 1 0.246165 0.177674 
10.5 0.5 -0.5 1 -0.367314 -0.300101 
10.5 0.5 6 1 -0.374754 0.215793 
10.5 10.5 -0.5 1 -0.464162 -0.100345 
10.5 10.5 6 1 -0.473869 0.211531 
0.5 10.5 -0.5 1 -0.0495532 -0.063114 
0.5 10.5 6 1 -0.0389764 0.186938 
0.5 5.5 9.5 1 0.0858996 0.356647 
10.5 5.5 9.5 1 -0.443175 0.445863 
0.5 6.5 -0.5 1 0.0324982 -0.102277 
0.5 8.5 -0.5 1 -0.0113143 -0.0813654 
0.5 8.5 4.5 1 -0.00131737 0.121785 
0.5 6.5 4.5 1 0.0449481 0.115442 
0.5 2.5 2 1 0.152177 -0.030556 
0.5 4.5 2 1 0.0908354 -0.0116137 
0.5 4.5 4.5 1 0.098792 0.10806 
0.5 2.5 4.5 1 0.162242 0.0993617 
