0 0 0 1 -0.381933 -0.370546 
0 0 6.5 1 -0.406756 -0.0608929 
10 0 0 1 0.0351095 -0.278053 
10 0 6.5 1 0.010131 -0.0239646 
10 10 0 1 0.324556 -0.377752 
10 10 6.5 1 0.281569 0.012302 
0 10 0 1 -0.292035 -0.576321 
0 10 6.5 1 -0.336858 -0.0379735 
0 5 10 1 -0.397864 0.153839 
10 5 10 1 0.100752 0.15275 
0 6 0 1 -0.340317 -0.465804 
0 8 0 1 -0.319289 -0.513936 
0 8 5 1 -0.349131 -0.151459 
0 6 5 1 -0.36651 -0.144825 
0 2 2.5 1 -0.381219 -0.265075 
0 4 2.5 1 -0.368773 -0.282651 
0 4 5 1 -0.38037 -0.139533 
0 2 5 1 -0.39168 -0.135215 
0.5 0.5 -0.5 1 -0.351697 -0.395252 
0.5 0.5 6 1 -0.377207 -0.0817276 
10.5 0.5 -0.5 1 0.0638734 -0.297436 
10.5 0.5 6 1 0.0383446 -0.0407466 
10.5 10.5 -0.5 1 0.373261 -0.409173 
10.5 10.5 6 1 0.328833 -0.0129551 
0.5 10.5 -0.5 1 -0.237131 -0.623875 
0.5 10.5 6 1 -0.284118 -0.0737252 
0.5 5.5 9.5 1 -0.360563 0.130718 
10.5 5.5 9.5 1 0.135713 0.134563 
0.5 6.5 -0.5 1 -0.298907 -0.500597 
0.5 8.5 -0.5 1 -0.272073 -0.554147 
0.5 8.5 4.5 1 -0.303171 -0.184735 
0.5 6.5 4.5 1 -0.326076 -0.17419 
0.5 2.5 2 1 -0.348314 -0.290624 
0.5 4.5 2 1 -0.332296 -0.311084 
0.5 4.5 4.5 1 -0.344279 -0.165811 
0.5 2.5 4.5 1 -0.359091 -0.158992 
