0 0 0 1 -0.360376 -0.32488 
0 0 6.5 1 -0.388758 -0.0256805 
10 0 0 1 0.0498148 -0.239788 
10 0 6.5 1 0.0245768 0.0114502 
10 10 0 1 0.322711 -0.339298 
10 10 6.5 1 0.282292 0.0494722 
0 10 0 1 -0.296551 -0.519116 
0 10 6.5 1 -0.345907 -0.00210201 
0 5 10 1 -0.392279 0.185493 
10 5 10 1 0.109194 0.189711 
0 6 0 1 -0.330722 -0.415123 
0 8 0 1 -0.315809 -0.460507 
0 8 5 1 -0.348933 -0.112867 
0 6 5 1 -0.360063 -0.106732 
0 2 2.5 1 -0.364274 -0.223419 
0 4 2.5 1 -0.355802 -0.240133 
0 4 5 1 -0.368944 -0.101836 
0 2 5 1 -0.376196 -0.0978393 
0.5 0.5 -0.5 1 -0.331584 -0.348826 
0.5 0.5 6 1 -0.360421 -0.0459509 
10.5 0.5 -0.5 1 0.0780884 -0.259011 
10.5 0.5 6 1 0.0525011 -0.0051853 
10.5 10.5 -0.5 1 0.371006 -0.370784 
10.5 10.5 6 1 0.329701 0.0242159 
0.5 10.5 -0.5 1 -0.245006 -0.564941 
0.5 10.5 6 1 -0.295751 -0.0368532 
0.5 5.5 9.5 1 -0.356453 0.163025 
10.5 5.5 9.5 1 0.14413 0.171685 
0.5 6.5 -0.5 1 -0.291548 -0.448762 
0.5 8.5 -0.5 1 -0.27129 -0.49933 
0.5 8.5 4.5 1 -0.305225 -0.145198 
0.5 6.5 4.5 1 -0.321524 -0.135273 
0.5 2.5 2 1 -0.332901 -0.248224 
0.5 4.5 2 1 -0.321086 -0.267726 
0.5 4.5 4.5 1 -0.334482 -0.127383 
0.5 2.5 4.5 1 -0.345032 -0.120959 
