0 0 0 1 0.268995 -0.402547 
0 0 6.5 1 0.235677 -0.0837547 
10 0 0 1 0.717858 -0.624915 
10 0 6.5 1 0.622838 -0.0251231 
10 10 0 1 -0.238095 -0.843098 
10 10 6.5 1 -0.266053 -0.0737012 
0 10 0 1 -0.234659 -0.475915 
0 10 6.5 1 -0.248563 -0.114792 
0 5 10 1 -0.00500656 0.0719244 
10 5 10 1 0.194434 0.271195 
0 6 0 1 -0.0184762 -0.444424 
0 8 0 1 -0.123869 -0.459776 
0 8 5 1 -0.13834 -0.186302 
0 6 5 1 -0.0362479 -0.17791 
0 2 2.5 1 0.165704 -0.286931 
0 4 2.5 1 0.0713506 -0.297622 
0 4 5 1 0.061153 -0.169905 
0 2 5 1 0.154179 -0.162258 
0.5 0.5 -0.5 1 0.260914 -0.438418 
0.5 0.5 6 1 0.226866 -0.10779 
10.5 0.5 -0.5 1 0.73168 -0.709747 
10.5 0.5 6 1 0.62978 -0.0667213 
10.5 10.5 -0.5 1 -0.302041 -0.971879 
10.5 10.5 6 1 -0.325618 -0.130158 
0.5 10.5 -0.5 1 -0.26307 -0.519359 
0.5 10.5 6 1 -0.276107 -0.142997 
0.5 5.5 9.5 1 -0.022158 0.0522677 
10.5 5.5 9.5 1 0.174117 0.246015 
0.5 6.5 -0.5 1 -0.037605 -0.484531 
0.5 8.5 -0.5 1 -0.147418 -0.501494 
0.5 8.5 4.5 1 -0.161545 -0.216679 
0.5 6.5 4.5 1 -0.0553148 -0.207255 
0.5 2.5 2 1 0.154065 -0.319101 
0.5 4.5 2 1 0.0561483 -0.330942 
0.5 4.5 4.5 1 0.0458675 -0.198278 
0.5 2.5 4.5 1 0.142353 -0.189718 
