0 0 0 1 -0.719188 -0.596492 
0 0 6.5 1 -0.637335 -0.08759 
10 0 0 1 -0.219561 -0.431398 
10 0 6.5 1 -0.192429 -0.128171 
10 10 0 1 0.246095 -0.533803 
10 10 6.5 1 0.253368 -0.149699 
0 10 0 1 -0.0293547 -0.896987 
0 10 6.5 1 0.0153443 -0.109922 
0 5 10 1 -0.339916 0.19257 
10 5 10 1 0.0157124 0.030864 
0 6 0 1 -0.378935 -0.744708 
0 8 0 1 -0.221214 -0.813412 
0 8 5 1 -0.173804 -0.254572 
0 6 5 1 -0.323899 -0.236975 
0 2 2.5 1 -0.590608 -0.41689 
0 4 2.5 1 -0.479961 -0.446512 
0 4 5 1 -0.451126 -0.222059 
0 2 5 1 -0.560341 -0.209255 
0.5 0.5 -0.5 1 -0.662027 -0.634212 
0.5 0.5 6 1 -0.585214 -0.127487 
10.5 0.5 -0.5 1 -0.18871 -0.454862 
10.5 0.5 6 1 -0.163144 -0.152385 
10.5 10.5 -0.5 1 0.281293 -0.562565 
10.5 10.5 6 1 0.286518 -0.179699 
0.5 10.5 -0.5 1 0.0470758 -0.949925 
0.5 10.5 6 1 0.0827733 -0.168414 
0.5 5.5 9.5 1 -0.283935 0.144072 
10.5 5.5 9.5 1 0.0459943 0.00368253 
0.5 6.5 -0.5 1 -0.311259 -0.790384 
0.5 8.5 -0.5 1 -0.149333 -0.862478 
0.5 8.5 4.5 1 -0.108215 -0.307309 
0.5 6.5 4.5 1 -0.261793 -0.285635 
0.5 2.5 2 1 -0.53256 -0.458099 
0.5 4.5 2 1 -0.4187 -0.490582 
0.5 4.5 4.5 1 -0.392241 -0.267225 
0.5 2.5 4.5 1 -0.504418 -0.251394 
