0 0 0 1 0.280926 -0.337983 
0 0 6.5 1 0.245363 -0.0176131 
10 0 0 1 0.652681 -0.588507 
10 0 6.5 1 0.56871 0.0390283 
10 10 0 1 -0.349795 -0.752351 
10 10 6.5 1 -0.396871 -0.0457426 
0 10 0 1 -0.221923 -0.402309 
0 10 6.5 1 -0.24801 -0.0625115 
0 5 10 1 -0.0107838 0.132143 
10 5 10 1 0.0778544 0.333275 
0 6 0 1 -0.0140147 -0.375713 
0 8 0 1 -0.116789 -0.38886 
0 8 5 1 -0.138572 -0.129258 
0 6 5 1 -0.0373297 -0.119199 
0 2 2.5 1 0.171575 -0.223941 
0 4 2.5 1 0.0739857 -0.235017 
0 4 5 1 0.0617046 -0.109359 
0 2 5 1 0.158603 -0.0997319 
0.5 0.5 -0.5 1 0.269052 -0.373615 
0.5 0.5 6 1 0.232715 -0.043103 
10.5 0.5 -0.5 1 0.651108 -0.6758 
10.5 0.5 6 1 0.562354 -0.00816297 
10.5 10.5 -0.5 1 -0.419891 -0.861948 
10.5 10.5 6 1 -0.466559 -0.10415 
0.5 10.5 -0.5 1 -0.250398 -0.442084 
0.5 10.5 6 1 -0.276621 -0.0908607 
0.5 5.5 9.5 1 -0.0312214 0.110695 
10.5 5.5 9.5 1 0.0420472 0.30214 
0.5 6.5 -0.5 1 -0.03541 -0.413747 
0.5 8.5 -0.5 1 -0.141646 -0.42775 
0.5 8.5 4.5 1 -0.16365 -0.159482 
0.5 6.5 4.5 1 -0.059052 -0.148775 
0.5 2.5 2 1 0.1564 -0.256248 
0.5 4.5 2 1 0.0556855 -0.268026 
0.5 4.5 4.5 1 0.0431968 -0.138308 
0.5 2.5 4.5 1 0.143175 -0.128074 
