0.000000000 20.05000 5.03681 5.03384 0.52436 -0.47439 -0.52436 0.47439
0.050000001 20.04790 5.35174 5.18977 0.52540 -0.46793 -0.52319 0.48091
0.100000001 20.04208 5.66661 5.34184 0.52630 -0.46155 -0.52186 0.48749
0.150000006 20.03254 5.98133 5.48628 0.52708 -0.45524 -0.52037 0.49412
0.200000003 20.01929 6.29583 5.61954 0.52775 -0.44902 -0.51872 0.50079
0.250000000 20.00231 6.61003 5.73832 0.52831 -0.44290 -0.51689 0.50749
0.300000012 19.98162 6.92384 5.83968 0.52878 -0.43687 -0.51489 0.51422
0.350000024 19.95722 7.23720 5.92112 0.52917 -0.43095 -0.51269 0.52097
0.400000036 19.92912 7.55002 5.98062 0.52949 -0.42513 -0.51030 0.52772
0.450000048 19.89732 7.86222 6.01669 0.52975 -0.41943 -0.50772 0.53447
0.500000060 19.86182 8.17373 6.02845 0.52997 -0.41384 -0.50494 0.54121
0.550000072 19.82264 8.48447 6.01559 0.53014 -0.40838 -0.50195 0.54793
0.600000083 19.77978 8.79437 5.97841 0.53030 -0.40304 -0.49875 0.55461
0.650000095 19.73325 9.10333 5.91781 0.53044 -0.39782 -0.49534 0.56125
0.700000107 19.68308 9.41129 5.83529 0.53058 -0.39274 -0.49173 0.56784
0.750000119 19.62926 9.71817 5.73285 0.53073 -0.38778 -0.48790 0.57437
0.800000131 19.57180 10.02390 5.61301 0.53090 -0.38296 -0.48386 0.58083
0.850000143 19.51074 10.32838 5.47871 0.53110 -0.37826 -0.47961 0.58721
0.900000155 19.44607 10.63156 5.33324 0.53135 -0.37370 -0.47516 0.59350
0.950000167 19.37782 10.93335 5.18018 0.53165 -0.36928 -0.47049 0.59969
1.000000119 19.30600 11.23368 5.02329 0.53201 -0.36499 -0.46562 0.60576
1.050000072 19.23064 11.53247 4.86641 0.53244 -0.36083 -0.46055 0.61172
1.100000024 19.15174 11.82965 4.71340 0.53296 -0.35679 -0.45529 0.61755
1.149999976 19.06933 12.12515 4.56802 0.53357 -0.35289 -0.44983 0.62324
1.199999928 18.98343 12.41888 4.43383 0.53428 -0.34912 -0.44418 0.62878
1.249999881 18.89407 12.71078 4.31415 0.53509 -0.34546 -0.43836 0.63417
1.299999833 18.80126 13.00077 4.21189 0.53603 -0.34193 -0.43236 0.63940
1.349999785 18.70502 13.28878 4.12958 0.53708 -0.33851 -0.42619 0.64445
1.399999738 18.60540 13.57475 4.06923 0.53826 -0.33521 -0.41986 0.64933
1.449999690 18.50240 13.85859 4.03233 0.53958 -0.33201 -0.41338 0.65402
1.499999642 18.39605 14.14023 4.01977 0.54104 -0.32892 -0.40675 0.65852
1.549999595 18.28639 14.41962 4.03186 0.54264 -0.32593 -0.39999 0.66282
1.599999547 18.17343 14.69667 4.06830 0.54439 -0.32303 -0.39310 0.66691
1.649999499 18.05722 14.97132 4.12818 0.54629 -0.32021 -0.38609 0.67079
1.699999452 17.93777 15.24350 4.21003 0.54835 -0.31747 -0.37897 0.67446
1.749999404 17.81512 15.51314 4.31183 0.55057 -0.31481 -0.37175 0.67791
1.799999356 17.68930 15.78017 4.43107 0.55295 -0.31222 -0.36445 0.68114
1.849999309 17.56034 16.04454 4.56481 0.55548 -0.30968 -0.35706 0.68414
1.899999261 17.42827 16.30617 4.70975 0.55818 -0.30719 -0.34960 0.68691
1.949999213 17.29314 16.56500 4.86234 0.56104 -0.30475 -0.34209 0.68945
1.999999166 17.15496 16.82096 5.01880 0.56406 -0.30234 -0.33452 0.69175
2.049999237 17.01378 17.07399 5.17529 0.56723 -0.29996 -0.32692 0.69383
2.099999189 16.86963 17.32403 5.32795 0.57056 -0.29760 -0.31929 0.69566
2.149999142 16.72255 17.57102 5.47304 0.57405 -0.29525 -0.31164 0.69727
2.199999094 16.57257 17.81489 5.60697 0.57768 -0.29290 -0.30398 0.69864
2.249999046 16.41974 18.05559 5.72645 0.58146 -0.29053 -0.29632 0.69978
2.299998999 16.26408 18.29305 5.82855 0.58538 -0.28815 -0.28868 0.70069
2.349998951 16.10565 18.52721 5.91076 0.58944 -0.28575 -0.28105 0.70137
2.399998903 15.94448 18.75803 5.97105 0.59363 -0.28331 -0.27346 0.70183
2.449998856 15.78060 18.98544 6.00794 0.59794 -0.28082 -0.26590 0.70207
2.499998808 15.61407 19.20938 6.02054 0.60238 -0.27828 -0.25839 0.70210
2.549998760 15.44492 19.42980 6.00854 0.60692 -0.27567 -0.25094 0.70191
2.599998713 15.27320 19.64665 5.97224 0.61157 -0.27299 -0.24355 0.70153
2.649998665 15.09894 19.85987 5.91254 0.61631 -0.27023 -0.23623 0.70095
2.699998617 14.92220 20.06940 5.83092 0.62115 -0.26738 -0.22899 0.70018
2.749998569 14.74301 20.27521 5.72940 0.62606 -0.26443 -0.22184 0.69923
2.799998522 14.56142 20.47723 5.61049 0.63104 -0.26138 -0.21477 0.69810
2.849998474 14.37748 20.67542 5.47712 0.63608 -0.25821 -0.20781 0.69681
2.899998426 14.19123 20.86972 5.33258 0.64117 -0.25492 -0.20095 0.69537
2.949998379 14.00272 21.06010 5.18045 0.64631 -0.25150 -0.19420 0.69378
2.999998331 13.81199 21.24650 5.02448 0.65147 -0.24794 -0.18756 0.69205
3.049998283 13.61910 21.42888 4.86853 0.65666 -0.24424 -0.18103 0.69020
3.099998236 13.42409 21.60719 4.71643 0.66185 -0.24040 -0.17463 0.68823
3.149998188 13.22701 21.78139 4.57196 0.66705 -0.23641 -0.16835 0.68616
3.199998140 13.02791 21.95144 4.43867 0.67223 -0.23225 -0.16220 0.68400
3.249998093 12.82684 22.11729 4.31985 0.67739 -0.22794 -0.15617 0.68176
3.299998045 12.62384 22.27891 4.21846 0.68252 -0.22346 -0.15027 0.67945
3.349997997 12.41898 22.43626 4.13699 0.68761 -0.21882 -0.14450 0.67708
3.399997950 12.21230 22.58930 4.07746 0.69264 -0.21401 -0.13886 0.67467
3.449997902 12.00386 22.73798 4.04136 0.69760 -0.20902 -0.13335 0.67222
3.499997854 11.79369 22.88229 4.02957 0.70249 -0.20386 -0.12797 0.66976
3.549997807 11.58187 23.02217 4.04240 0.70729 -0.19853 -0.12272 0.66728
3.599997759 11.36844 23.15760 4.07956 0.71199 -0.19303 -0.11760 0.66481
3.649997711 11.15344 23.28855 4.14012 0.71659 -0.18736 -0.11260 0.66236
3.699997663 10.93695 23.41498 4.22262 0.72107 -0.18152 -0.10772 0.65993
3.749997616 10.71901 23.53687 4.32504 0.72542 -0.17551 -0.10296 0.65755
3.799997568 10.49967 23.65418 4.44486 0.72963 -0.16933 -0.09832 0.65521
3.849997520 10.27899 23.76689 4.57914 0.73370 -0.16300 -0.09379 0.65293
3.899997473 10.05702 23.87497 4.72460 0.73761 -0.15651 -0.08937 0.65073
3.949997425 9.83382 23.97840 4.87765 0.74135 -0.14987 -0.08506 0.64861
3.999997377 9.60944 24.07716 5.03454 0.74493 -0.14308 -0.08085 0.64658
4.049997330 9.38394 24.17121 5.19142 0.74832 -0.13615 -0.07674 0.64466
4.099997520 9.15738 24.26054 5.34444 0.75153 -0.12909 -0.07271 0.64285
4.149997711 8.92980 24.34513 5.48983 0.75454 -0.12191 -0.06877 0.64115
4.199997902 8.70127 24.42495 5.62403 0.75735 -0.11460 -0.06492 0.63959
4.249998093 8.47185 24.50000 5.74374 0.75996 -0.10718 -0.06113 0.63815
4.299998283 8.24157 24.57025 5.84602 0.76235 -0.09966 -0.05742 0.63687
4.349998474 8.01052 24.63568 5.92837 0.76452 -0.09205 -0.05377 0.63573
4.399998665 7.77873 24.69629 5.98875 0.76647 -0.08435 -0.05017 0.63474
4.449998856 7.54626 24.75206 6.02570 0.76819 -0.07658 -0.04663 0.63391
4.499999046 7.31318 24.80297 6.03831 0.76968 -0.06874 -0.04313 0.63325
4.549999237 7.07954 24.84902 6.02627 0.77094 -0.06085 -0.03966 0.63276
4.599999428 6.84540 24.89019 5.98990 0.77196 -0.05291 -0.03623 0.63243
4.649999619 6.61080 24.92648 5.93008 0.77274 -0.04494 -0.03282 0.63228
4.699999809 6.37582 24.95787 5.84830 0.77328 -0.03695 -0.02943 0.63230
4.750000000 6.14050 24.98436 5.74658 0.77358 -0.02894 -0.02604 0.63250
4.800000191 5.90490 25.00595 5.62743 0.77364 -0.02093 -0.02266 0.63287
4.850000381 5.66908 25.02262 5.49378 0.77346 -0.01292 -0.01928 0.63342
4.900000572 5.43310 25.03439 5.34893 0.77304 -0.00493 -0.01588 0.63414
4.950000763 5.19700 25.04123 5.19644 0.77238 0.00302 -0.01246 0.63503
5.000000954 4.96086 25.04315 5.04008 0.77148 0.01094 -0.00902 0.63609
5.050001144 4.72473 25.04015 4.88369 0.77035 0.01881 -0.00555 0.63732
5.100001335 4.48865 25.03224 4.73114 0.76899 0.02662 -0.00204 0.63870
5.150001526 4.25270 25.01940 4.58616 0.76740 0.03436 0.00152 0.64025
5.200001717 4.01692 25.00165 4.45234 0.76558 0.04203 0.00513 0.64194
5.250001907 3.78137 24.97899 4.33297 0.76355 0.04960 0.00880 0.64378
5.300002098 3.54612 24.95142 4.23099 0.76130 0.05708 0.01253 0.64576
5.350002289 3.31121 24.91895 4.14890 0.75885 0.06446 0.01634 0.64786
5.400002480 3.07671 24.88158 4.08873 0.75619 0.07172 0.02022 0.65009
5.450002670 2.84266 24.83933 4.05195 0.75334 0.07887 0.02419 0.65244
5.500002861 2.60914 24.79220 4.03946 0.75030 0.08589 0.02825 0.65489
5.550003052 2.37618 24.74020 4.05158 0.74707 0.09277 0.03240 0.65744
5.600003242 2.14386 24.68334 4.08799 0.74368 0.09952 0.03665 0.66007
5.650003433 1.91222 24.62165 4.14779 0.74012 0.10612 0.04101 0.66279
5.700003624 1.68133 24.55512 4.22951 0.73640 0.11257 0.04548 0.66556
5.750003815 1.45124 24.48377 4.33113 0.73254 0.11887 0.05006 0.66840
5.800004005 1.22200 24.40762 4.45014 0.72854 0.12501 0.05475 0.67127
5.850004196 0.99368 24.32670 4.58360 0.72441 0.13100 0.05957 0.67418
5.900004387 0.76632 24.24100 4.72821 0.72016 0.13682 0.06452 0.67712
5.950004578 0.53999 24.15056 4.88042 0.71581 0.14248 0.06959 0.68006
6.000004768 0.31475 24.05539 5.03645 0.71136 0.14797 0.07479 0.68299
6.050004959 0.09063 23.95552 5.19247 0.70682 0.15330 0.08013 0.68592
6.100005150 -0.13228 23.85097 5.34461 0.70221 0.15847 0.08559 0.68881
6.150005341 -0.35395 23.74176 5.48913 0.69753 0.16347 0.09119 0.69167
6.200005531 -0.57432 23.62792 5.62246 0.69281 0.16831 0.09692 0.69448
6.250005722 -0.79333 23.50948 5.74129 0.68803 0.17299 0.10279 0.69722
6.300005913 -1.01093 23.38645 5.84270 0.68323 0.17752 0.10879 0.69989
6.350006104 -1.22705 23.25888 5.92418 0.67841 0.18189 0.11493 0.70247
6.400006294 -1.44166 23.12679 5.98371 0.67358 0.18611 0.12119 0.70496
6.450006485 -1.65469 22.99020 6.01981 0.66875 0.19018 0.12759 0.70734
6.500006676 -1.86609 22.84917 6.03158 0.66394 0.19412 0.13411 0.70959
6.550006866 -2.07580 22.70371 6.01872 0.65915 0.19792 0.14075 0.71172
6.600007057 -2.28379 22.55387 5.98153 0.65439 0.20159 0.14751 0.71370
6.650007248 -2.48998 22.39967 5.92092 0.64968 0.20515 0.15439 0.71554
6.700007439 -2.69433 22.24116 5.83838 0.64502 0.20858 0.16138 0.71722
6.750007629 -2.89679 22.07838 5.73591 0.64043 0.21191 0.16847 0.71872
6.800007820 -3.09730 21.91136 5.61603 0.63591 0.21513 0.17566 0.72005
6.850008011 -3.29583 21.74015 5.48168 0.63148 0.21826 0.18294 0.72120
6.900008202 -3.49230 21.56479 5.33616 0.62714 0.22131 0.19030 0.72215
6.950008392 -3.68669 21.38532 5.18303 0.62290 0.22427 0.19775 0.72290
7.000008583 -3.87892 21.20178 5.02607 0.61877 0.22717 0.20527 0.72345
7.050008774 -4.06897 21.01423 4.86911 0.61476 0.23001 0.21284 0.72378
7.100008965 -4.25678 20.82270 4.71601 0.61087 0.23280 0.22048 0.72390
7.150009155 -4.44230 20.62725 4.57054 0.60712 0.23554 0.22815 0.72379
7.200009346 -4.62549 20.42792 4.43626 0.60349 0.23824 0.23587 0.72346
7.250009537 -4.80629 20.22477 4.31646 0.60001 0.24093 0.24361 0.72291
7.300009727 -4.98467 20.01784 4.21410 0.59668 0.24359 0.25137 0.72211
7.350009918 -5.16058 19.80719 4.13168 0.59350 0.24624 0.25913 0.72109
7.400010109 -5.33397 19.59287 4.07121 0.59048 0.24890 0.26690 0.71983
7.450010300 -5.50481 19.37493 4.03418 0.58761 0.25156 0.27465 0.71833
7.500010490 -5.67304 19.15343 4.02149 0.58490 0.25424 0.28238 0.71660
7.550010681 -5.83863 18.92842 4.03345 0.58236 0.25694 0.29007 0.71463
7.600010872 -6.00154 18.69996 4.06975 0.57998 0.25968 0.29773 0.71242
7.650011063 -6.16172 18.46811 4.12949 0.57777 0.26246 0.30532 0.70999
7.700011253 -6.31913 18.23292 4.21120 0.57572 0.26528 0.31286 0.70731
7.750011444 -6.47374 17.99446 4.31285 0.57383 0.26816 0.32032 0.70442
7.800011635 -6.62551 17.75279 4.43194 0.57211 0.27110 0.32770 0.70129
7.850011826 -6.77439 17.50795 4.56553 0.57055 0.27411 0.33498 0.69794
7.900012016 -6.92036 17.26003 4.71032 0.56915 0.27720 0.34216 0.69438
7.950012207 -7.06337 17.00907 4.86275 0.56790 0.28037 0.34922 0.69060
8.000012398 -7.20340 16.75514 5.01905 0.56680 0.28363 0.35616 0.68661
8.050012589 -7.34039 16.49831 5.17538 0.56585 0.28698 0.36298 0.68243
8.100012779 -7.47434 16.23864 5.32789 0.56504 0.29042 0.36965 0.67804
8.150012970 -7.60518 15.97620 5.47282 0.56437 0.29397 0.37617 0.67347
8.200013161 -7.73291 15.71104 5.60659 0.56382 0.29763 0.38254 0.66872
8.250013351 -7.85748 15.44324 5.72592 0.56340 0.30140 0.38875 0.66379
8.300013542 -7.97887 15.17286 5.82786 0.56309 0.30528 0.39478 0.65869
8.350013733 -8.09704 14.89997 5.90991 0.56289 0.30928 0.40064 0.65344
8.400013924 -8.21196 14.62465 5.97004 0.56279 0.31341 0.40632 0.64803
8.450014114 -8.32361 14.34695 6.00679 0.56278 0.31765 0.41181 0.64249
8.500014305 -8.43196 14.06694 6.01924 0.56284 0.32202 0.41711 0.63681
8.550014496 -8.53698 13.78471 6.00709 0.56298 0.32652 0.42222 0.63101
8.600014687 -8.63865 13.50031 5.97065 0.56317 0.33115 0.42712 0.62509
8.650014877 -8.73694 13.21381 5.91082 0.56342 0.33591 0.43183 0.61907
8.700015068 -8.83183 12.92530 5.82907 0.56370 0.34079 0.43633 0.61296
8.750015259 -8.92330 12.63484 5.72742 0.56401 0.34581 0.44063 0.60676
8.800015450 -9.01131 12.34250 5.60839 0.56434 0.35095 0.44472 0.60048
8.850015640 -9.09586 12.04835 5.47490 0.56467 0.35622 0.44861 0.59414
8.900015831 -9.17691 11.75248 5.33026 0.56499 0.36162 0.45229 0.58775
8.950016022 -9.25445 11.45494 5.17804 0.56530 0.36714 0.45577 0.58131
9.000016212 -9.32847 11.15583 5.02198 0.56557 0.37278 0.45905 0.57483
9.050016403 -9.39894 10.85520 4.86594 0.56580 0.37855 0.46214 0.56833
9.100016594 -9.46584 10.55314 4.71377 0.56598 0.38442 0.46503 0.56182
9.150016785 -9.52917 10.24972 4.56923 0.56609 0.39041 0.46773 0.55529
9.200016975 -9.58890 9.94501 4.43588 0.56612 0.39651 0.47024 0.54878
9.250017166 -9.64501 9.63910 4.31702 0.56607 0.40272 0.47257 0.54227
9.300017357 -9.69751 9.33206 4.21559 0.56592 0.40902 0.47474 0.53579
9.350017548 -9.74637 9.02395 4.13409 0.56565 0.41541 0.47673 0.52934
9.400017738 -9.79158 8.71487 4.07454 0.56527 0.42190 0.47857 0.52292
9.450017929 -9.83314 8.40489 4.03841 0.56475 0.42846 0.48025 0.51656
9.500018120 -9.87103 8.09407 4.02662 0.56410 0.43510 0.48179 0.51025
9.550018311 -9.90524 7.78251 4.03945 0.56329 0.44180 0.48320 0.50401
9.600018501 -9.93577 7.47028 4.07661 0.56233 0.44857 0.48448 0.49784
9.650018692 -9.96261 7.15745 4.13719 0.56120 0.45539 0.48565 0.49175
9.700018883 -9.98575 6.84410 4.21971 0.55990 0.46225 0.48671 0.48574
9.750019073 -10.00520 6.53032 4.32216 0.55841 0.46916 0.48768 0.47983
9.800019264 -10.02094 6.21617 4.44201 0.55674 0.47609 0.48856 0.47402
9.850019455 -10.03297 5.90173 4.57633 0.55487 0.48303 0.48937 0.46831
9.900019646 -10.04130 5.58709 4.72183 0.55281 0.48999 0.49011 0.46271
9.950019836 -10.04591 5.27232 4.87493 0.55054 0.49695 0.49081 0.45722
10.000020027 -10.04682 4.95750 5.03188 0.54806 0.50391 0.49146 0.45186
10.050020218 -10.04402 4.64270 5.18882 0.54538 0.51084 0.49208 0.44661
10.100020409 -10.03752 4.32800 5.34189 0.54248 0.51775 0.49268 0.44150
10.150020599 -10.02731 4.01349 5.48735 0.53936 0.52462 0.49328 0.43651
10.200020790 -10.01340 3.69923 5.62162 0.53603 0.53145 0.49388 0.43165
10.250020981 -9.99580 3.38530 5.74140 0.53248 0.53821 0.49449 0.42693
10.300021172 -9.97451 3.07179 5.84376 0.52871 0.54491 0.49513 0.42235
10.350021362 -9.94953 2.75876 5.92618 0.52473 0.55154 0.49581 0.41790
10.400021553 -9.92089 2.44630 5.98665 0.52054 0.55807 0.49653 0.41359
10.450021744 -9.88857 2.13448 6.02368 0.51613 0.56452 0.49731 0.40941
10.500021935 -9.85261 1.82337 6.03638 0.51151 0.57085 0.49815 0.40538
10.550022125 -9.81299 1.51305 6.02444 0.50669 0.57707 0.49907 0.40148
10.600022316 -9.76974 1.20360 5.98816 0.50167 0.58317 0.50007 0.39771
10.650022507 -9.72286 0.89510 5.92845 0.49645 0.58913 0.50116 0.39408
10.700022697 -9.67237 0.58761 5.84678 0.49104 0.59495 0.50236 0.39059
10.750022888 -9.61828 0.28121 5.74517 0.48544 0.60062 0.50366 0.38722
10.800023079 -9.56061 -0.02402 5.62613 0.47966 0.60613 0.50507 0.38397
10.850023270 -9.49937 -0.32801 5.49260 0.47371 0.61147 0.50661 0.38085
10.900023460 -9.43458 -0.63069 5.34787 0.46760 0.61664 0.50828 0.37784
10.950023651 -9.36624 -0.93198 5.19551 0.46132 0.62162 0.51008 0.37495
11.000023842 -9.29439 -1.23181 5.03928 0.45490 0.62642 0.51201 0.37217
11.050024033 -9.21903 -1.53011 4.88303 0.44834 0.63102 0.51409 0.36949
11.100024223 -9.14019 -1.82681 4.73061 0.44164 0.63541 0.51631 0.36690
11.150024414 -9.05788 -2.12183 4.58577 0.43482 0.63961 0.51869 0.36441
11.200024605 -8.97213 -2.41510 4.45210 0.42789 0.64359 0.52121 0.36200
11.250024796 -8.88296 -2.70656 4.33287 0.42085 0.64735 0.52389 0.35967
11.300024986 -8.79038 -2.99612 4.23104 0.41372 0.65089 0.52672 0.35740
11.350025177 -8.69442 -3.28373 4.14910 0.40650 0.65421 0.52971 0.35520
11.400025368 -8.59510 -3.56930 4.08908 0.39921 0.65730 0.53286 0.35305
11.450025558 -8.49244 -3.85278 4.05245 0.39186 0.66016 0.53616 0.35095
11.500025749 -8.38648 -4.13409 4.04012 0.38444 0.66280 0.53961 0.34888
11.550025940 -8.27723 -4.41317 4.05239 0.37699 0.66520 0.54322 0.34684
11.600026131 -8.16472 -4.68994 4.08895 0.36950 0.66737 0.54698 0.34482
11.650026321 -8.04897 -4.96434 4.14890 0.36198 0.66931 0.55089 0.34281
11.700026512 -7.93002 -5.23630 4.23077 0.35445 0.67102 0.55494 0.34080
11.750026703 -7.80789 -5.50576 4.33253 0.34692 0.67250 0.55913 0.33878
11.800026894 -7.68261 -5.77265 4.45168 0.33939 0.67375 0.56345 0.33674
11.850027084 -7.55421 -6.03690 4.58528 0.33188 0.67478 0.56791 0.33467
11.900027275 -7.42271 -6.29844 4.73003 0.32438 0.67560 0.57250 0.33256
11.950027466 -7.28816 -6.55722 4.88236 0.31693 0.67619 0.57720 0.33040
12.000027657 -7.15057 -6.81317 5.03852 0.30951 0.67658 0.58202 0.32818
12.050027847 -7.00999 -7.06623 5.19465 0.30214 0.67676 0.58694 0.32590
12.100028038 -6.86644 -7.31633 5.34691 0.29483 0.67674 0.59197 0.32354
12.150028229 -6.71996 -7.56341 5.49153 0.28758 0.67653 0.59708 0.32109
12.200028419 -6.57058 -7.80741 5.62495 0.28041 0.67614 0.60228 0.31855
12.250028610 -6.41834 -8.04826 5.74388 0.27332 0.67556 0.60755 0.31590
12.300028801 -6.26328 -8.28592 5.84537 0.26631 0.67482 0.61289 0.31314
12.350028992 -6.10543 -8.52031 5.92692 0.25939 0.67392 0.61829 0.31026
12.400029182 -5.94482 -8.75138 5.98651 0.25258 0.67287 0.62373 0.30725
12.450029373 -5.78150 -8.97908 6.02267 0.24586 0.67168 0.62921 0.30411
12.500029564 -5.61551 -9.20333 6.03450 0.23925 0.67036 0.63473 0.30082
12.550029755 -5.44688 -9.42410 6.02168 0.23275 0.66892 0.64025 0.29739
12.600029945 -5.27565 -9.64131 5.98453 0.22637 0.66738 0.64579 0.29380
12.650030136 -5.10188 -9.85492 5.92395 0.22010 0.66573 0.65133 0.29005
12.700030327 -4.92559 -10.06488 5.84143 0.21396 0.66400 0.65685 0.28614
12.750030518 -4.74683 -10.27112 5.73897 0.20794 0.66220 0.66235 0.28206
12.800030708 -4.56565 -10.47360 5.61910 0.20204 0.66033 0.66781 0.27780
12.850030899 -4.38209 -10.67226 5.48475 0.19627 0.65841 0.67323 0.27337
12.900031090 -4.19619 -10.86706 5.33922 0.19063 0.65646 0.67860 0.26876
12.950031281 -4.00800 -11.05794 5.18608 0.18511 0.65447 0.68389 0.26398
13.000031471 -3.81757 -11.24486 5.02909 0.17972 0.65248 0.68912 0.25901
13.050031662 -3.62494 -11.42776 4.87210 0.17446 0.65048 0.69425 0.25387
13.100031853 -3.43016 -11.60662 4.71896 0.16932 0.64850 0.69929 0.24854
13.150032043 -3.23328 -11.78136 4.57345 0.16431 0.64653 0.70422 0.24304
13.200032234 -3.03435 -11.95196 4.43912 0.15942 0.64460 0.70904 0.23736
13.250032425 -2.83341 -12.11837 4.31927 0.15464 0.64272 0.71373 0.23150
13.300032616 -2.63053 -12.28055 4.21684 0.14999 0.64089 0.71828 0.22547
13.350032806 -2.42574 -12.43845 4.13434 0.14545 0.63913 0.72268 0.21928
13.400032997 -2.21910 -12.59204 4.07380 0.14102 0.63745 0.72694 0.21292
13.450033188 -2.01067 -12.74128 4.03668 0.13669 0.63586 0.73102 0.20640
13.500033379 -1.80048 -12.88613 4.02390 0.13247 0.63436 0.73494 0.19973
13.550033569 -1.58861 -13.02655 4.03577 0.12835 0.63297 0.73868 0.19292
13.600033760 -1.37509 -13.16251 4.07196 0.12432 0.63170 0.74224 0.18596
13.650033951 -1.15999 -13.29398 4.13159 0.12038 0.63055 0.74560 0.17887
13.700034142 -0.94335 -13.42092 4.21318 0.11653 0.62954 0.74876 0.17166
13.750034332 -0.72524 -13.54330 4.31471 0.11275 0.62866 0.75171 0.16433
13.800034523 -0.50571 -13.66109 4.43367 0.10905 0.62793 0.75445 0.15689
13.850034714 -0.28481 -13.77426 4.56713 0.10541 0.62735 0.75698 0.14935
13.900034904 -0.06259 -13.88278 4.71178 0.10184 0.62693 0.75928 0.14172
13.950035095 0.16088 -13.98662 4.86406 0.09832 0.62667 0.76136 0.13401
14.000035286 0.38555 -14.08577 5.02022 0.09485 0.62657 0.76320 0.12623
14.050035477 0.61136 -14.18020 5.17640 0.09142 0.62664 0.76482 0.11839
14.100035667 0.83826 -14.26987 5.32875 0.08803 0.62688 0.76620 0.11049
14.150035858 1.06619 -14.35478 5.47351 0.08466 0.62730 0.76734 0.10256
14.200036049 1.29509 -14.43489 5.60712 0.08132 0.62789 0.76824 0.09460
14.250036240 1.52490 -14.51020 5.72628 0.07799 0.62865 0.76890 0.08661
14.300036430 1.75558 -14.58068 5.82806 0.07468 0.62959 0.76932 0.07862
14.350036621 1.98705 -14.64631 5.90994 0.07136 0.63070 0.76950 0.07063
14.400036812 2.21926 -14.70709 5.96991 0.06803 0.63199 0.76944 0.06265
14.450037003 2.45216 -14.76298 6.00649 0.06469 0.63344 0.76914 0.05470
14.500037193 2.68568 -14.81399 6.01877 0.06133 0.63505 0.76861 0.04678
14.550037384 2.91976 -14.86010 6.00646 0.05795 0.63683 0.76784 0.03890
14.600037575 3.15436 -14.90129 5.96985 0.05452 0.63877 0.76683 0.03107
14.650037766 3.38940 -14.93756 5.90986 0.05106 0.64086 0.76560 0.02331
14.700037956 3.62484 -14.96890 5.82796 0.04755 0.64309 0.76415 0.01562
14.750038147 3.86060 -14.99530 5.72616 0.04398 0.64547 0.76248 0.00801
14.800038338 4.09664 -15.01676 5.60698 0.04034 0.64798 0.76059 0.00049
14.850038528 4.33289 -15.03327 5.47336 0.03664 0.65061 0.75849 -0.00694
14.900038719 4.56930 -15.04482 5.32858 0.03286 0.65337 0.75619 -0.01425
14.950038910 4.80581 -15.05142 5.17622 0.02900 0.65623 0.75370 -0.02146
15.000039101 5.04235 -15.05306 5.02004 0.02505 0.65919 0.75102 -0.02855
15.050039291 5.27887 -15.04975 4.86389 0.02100 0.66224 0.74815 -0.03551
15.100039482 5.51531 -15.04148 4.71161 0.01686 0.66537 0.74512 -0.04234
15.150039673 5.75161 -15.02825 4.56697 0.01260 0.66858 0.74192 -0.04903
15.200039864 5.98772 -15.01008 4.43353 0.00824 0.67184 0.73856 -0.05558
15.250040054 6.22356 -14.98696 4.31458 0.00376 0.67516 0.73506 -0.06198
15.300040245 6.45909 -14.95890 4.21307 -0.00084 0.67851 0.73142 -0.06824
15.350040436 6.69425 -14.92591 4.13150 -0.00556 0.68188 0.72765 -0.07434
15.400040627 6.92898 -14.88799 4.07188 -0.01041 0.68528 0.72377 -0.08029
15.450040817 7.16322 -14.84517 4.03571 -0.01539 0.68867 0.71978 -0.08609
15.500041008 7.39691 -14.79744 4.02386 -0.02051 0.69206 0.71570 -0.09173
15.550041199 7.62999 -14.74482 4.03666 -0.02576 0.69542 0.71153 -0.09721
15.600041389 7.86241 -14.68733 4.07378 -0.03115 0.69876 0.70729 -0.10253
15.650041580 8.09411 -14.62498 4.13434 -0.03667 0.70204 0.70299 -0.10770
15.700041771 8.32502 -14.55778 4.21684 -0.04234 0.70528 0.69863 -0.11272
15.750041962 8.55511 -14.48575 4.31927 -0.04815 0.70844 0.69424 -0.11758
15.800042152 8.78430 -14.40892 4.43911 -0.05410 0.71153 0.68982 -0.12229
15.850042343 9.01254 -14.32729 4.57343 -0.06018 0.71452 0.68538 -0.12686
15.900042534 9.23977 -14.24090 4.71894 -0.06640 0.71741 0.68094 -0.13128
15.950042725 9.46595 -14.14976 4.87205 -0.07276 0.72019 0.67650 -0.13557
16.000041962 9.69100 -14.05391 5.02901 -0.07925 0.72284 0.67209 -0.13972
16.050041199 9.91489 -13.95335 5.18596 -0.08587 0.72536 0.66770 -0.14374
16.100040436 10.13754 -13.84812 5.33906 -0.09262 0.72773 0.66335 -0.14764
16.150039673 10.35891 -13.73825 5.48455 -0.09948 0.72995 0.65905 -0.15142
16.200038910 10.57895 -13.62377 5.61885 -0.10647 0.73201 0.65481 -0.15509
16.250038147 10.79760 -13.50469 5.73867 -0.11356 0.73390 0.65064 -0.15866
16.300037384 11.01481 -13.38106 5.84107 -0.12076 0.73560 0.64655 -0.16213
16.350036621 11.23052 -13.25291 5.92355 -0.12807 0.73712 0.64254 -0.16551
16.400035858 11.44468 -13.12026 5.98407 -0.13546 0.73844 0.63864 -0.16881
16.450035095 11.65724 -12.98316 6.02117 -0.14294 0.73956 0.63485 -0.17203
16.500034332 11.86816 -12.84163 6.03394 -0.15049 0.74047 0.63117 -0.17519
16.550033569 12.07737 -12.69572 6.02207 -0.15812 0.74116 0.62761 -0.17828
16.600032806 12.28482 -12.54545 5.98588 -0.16580 0.74164 0.62418 -0.18133
16.650032043 12.49048 -12.39087 5.92625 -0.17354 0.74190 0.62088 -0.18433
16.700031281 12.69428 -12.23202 5.84467 -0.18132 0.74192 0.61773 -0.18730
16.750030518 12.89618 -12.06894 5.74316 -0.18913 0.74172 0.61473 -0.19024
16.800029755 13.09614 -11.90167 5.62422 -0.19697 0.74128 0.61188 -0.19316
16.850028992 13.29409 -11.73024 5.49080 -0.20482 0.74061 0.60919 -0.19607
16.900028229 13.49000 -11.55471 5.34618 -0.21268 0.73969 0.60665 -0.19898
16.950027466 13.68382 -11.37511 5.19394 -0.22053 0.73855 0.60428 -0.20190
17.000026703 13.87550 -11.19149 5.03783 -0.22836 0.73716 0.60208 -0.20483
17.050025940 14.06500 -11.00390 4.88170 -0.23616 0.73553 0.60004 -0.20778
17.100025177 14.25227 -10.81238 4.72940 -0.24393 0.73367 0.59817 -0.21076
17.150024414 14.43726 -10.61698 4.58470 -0.25165 0.73157 0.59647 -0.21378
17.200023651 14.61994 -10.41775 4.45115 -0.25931 0.72924 0.59494 -0.21684
17.250022888 14.80026 -10.21474 4.33206 -0.26690 0.72668 0.59357 -0.21995
17.300022125 14.97817 -10.00799 4.23036 -0.27442 0.72388 0.59237 -0.22312
17.350021362 15.15363 -9.79756 4.14855 -0.28184 0.72087 0.59134 -0.22636
17.400020599 15.32661 -9.58350 4.08867 -0.28917 0.71763 0.59046 -0.22966
17.450019836 15.49706 -9.36586 4.05218 -0.29639 0.71418 0.58974 -0.23304
17.500019073 15.66493 -9.14469 4.03998 -0.30349 0.71052 0.58917 -0.23650
17.550018311 15.83019 -8.92005 4.05238 -0.31046 0.70666 0.58875 -0.24005
17.600017548 15.99280 -8.69198 4.08908 -0.31730 0.70259 0.58847 -0.24370
17.650016785 16.15273 -8.46056 4.14917 -0.32400 0.69834 0.58832 -0.24744
17.700016022 16.30992 -8.22582 4.23117 -0.33055 0.69389 0.58831 -0.25128
17.750015259 16.46434 -7.98784 4.33307 -0.33694 0.68928 0.58841 -0.25523
17.800014496 16.61596 -7.74665 4.45236 -0.34317 0.68449 0.58863 -0.25929
17.850013733 16.76473 -7.50233 4.58609 -0.34922 0.67954 0.58895 -0.26346
17.900012970 16.91063 -7.25494 4.73097 -0.35510 0.67443 0.58937 -0.26775
17.950012207 17.05361 -7.00452 4.88343 -0.36080 0.66918 0.58987 -0.27216
18.000011444 17.19364 -6.75115 5.03973 -0.36631 0.66380 0.59045 -0.27669
18.050010681 17.33068 -6.49488 5.19599 -0.37164 0.65829 0.59109 -0.28134
18.100009918 17.46471 -6.23577 5.34838 -0.37677 0.65266 0.59179 -0.28612
18.150009155 17.59568 -5.97389 5.49314 -0.38171 0.64692 0.59253 -0.29102
18.200008392 17.72356 -5.70929 5.62669 -0.38645 0.64109 0.59331 -0.29605
18.250007629 17.84833 -5.44205 5.74574 -0.39099 0.63517 0.59411 -0.30121
18.300006866 17.96995 -5.17223 5.84736 -0.39533 0.62916 0.59492 -0.30650
18.350006104 18.08838 -4.89989 5.92904 -0.39948 0.62309 0.59572 -0.31190
18.400005341 18.20361 -4.62509 5.98875 -0.40343 0.61697 0.59652 -0.31744
18.450004578 18.31559 -4.34791 6.02503 -0.40718 0.61079 0.59728 -0.32310
18.500003815 18.42430 -4.06841 6.03696 -0.41074 0.60458 0.59801 -0.32888
18.550003052 18.52972 -3.78666 6.02426 -0.41411 0.59834 0.59869 -0.33477
18.600002289 18.63181 -3.50273 5.98721 -0.41729 0.59208 0.59931 -0.34079
18.650001526 18.73054 -3.21668 5.92673 -0.42029 0.58581 0.59986 -0.34692
18.700000763 18.82590 -2.92859 5.84429 -0.42312 0.57954 0.60032 -0.35315
18.750000000 18.91785 -2.63852 5.74192 -0.42577 0.57329 0.60069 -0.35950
18.799999237 19.00637 -2.34655 5.62212 -0.42826 0.56705 0.60095 -0.36594
18.849998474 19.09144 -2.05275 5.48783 -0.43058 0.56085 0.60109 -0.37248
18.899997711 19.17304 -1.75719 5.34236 -0.43276 0.55468 0.60110 -0.37910
18.949996948 19.25114 -1.45994 5.18926 -0.43479 0.54857 0.60098 -0.38581
18.999996185 19.32572 -1.16108 5.03230 -0.43669 0.54251 0.60071 -0.39260
19.049995422 19.39677 -0.86067 4.87533 -0.43846 0.53651 0.60028 -0.39947
19.099994659 19.46426 -0.55880 4.72221 -0.44012 0.53059 0.59968 -0.40639
19.149993896 19.52817 -0.25554 4.57669 -0.44166 0.52474 0.59892 -0.41337
19.199993134 19.58849 0.04903 4.44234 -0.44311 0.51899 0.59797 -0.42040
19.249992371 19.64521 0.35485 4.32246 -0.44447 0.51333 0.59683 -0.42747
19.299991608 19.69830 0.66183 4.22000 -0.44575 0.50776 0.59550 -0.43458
19.349990845 19.74775 0.96990 4.13745 -0.44697 0.50231 0.59397 -0.44171
19.399990082 19.79355 1.27899 4.07685 -0.44812 0.49697 0.59224 -0.44885
19.449989319 19.83569 1.58900 4.03966 -0.44923 0.49174 0.59029 -0.45600
19.499988556 19.87415 1.89988 4.02680 -0.45031 0.48664 0.58813 -0.46315
19.549987793 19.90893 2.21154 4.03857 -0.45136 0.48166 0.58576 -0.47028
19.599987030 19.94001 2.52389 4.07467 -0.45240 0.47681 0.58316 -0.47739
19.649986267 19.96739 2.83687 4.13420 -0.45344 0.47210 0.58035 -0.48447
19.699985504 19.99107 3.15040 4.21567 -0.45448 0.46752 0.57732 -0.49151
19.749984741 20.01102 3.46440 4.31708 -0.45554 0.46308 0.57406 -0.49849
19.799983978 20.02725 3.77878 4.43592 0.45663 -0.45878 -0.57058 0.50542
19.849983215 20.03976 4.09347 4.56925 0.45776 -0.45463 -0.56688 0.51227
19.899982452 20.04854 4.40840 4.71377 0.45893 -0.45061 -0.56296 0.51904
19.949981689 20.05359 4.72348 4.86592 0.46017 -0.44674 -0.55883 0.52572
19.999980927 20.05491 5.03863 5.02194 0.46147 -0.44301 -0.55448 0.53230
