0 0 0 1 0.398919 -0.635468 
0 0 6.5 1 0.35639 -0.0978344 
10 0 0 1 -0.316156 -0.557535 
10 0 6.5 1 -0.294542 -0.121408 
10 10 0 1 -0.0729448 -0.419573 
10 10 6.5 1 -0.0714461 -0.149846 
0 10 0 1 0.362525 -0.444938 
0 10 6.5 1 0.339577 -0.13959 
0 5 10 1 0.331433 0.0634423 
10 5 10 1 -0.154356 0.0242399 
0 6 0 1 0.372461 -0.496954 
0 8 0 1 0.367017 -0.468457 
0 8 5 1 0.347286 -0.207655 
0 6 5 1 0.350464 -0.208504 
0 2 2.5 1 0.372982 -0.387605 
0 4 2.5 1 0.366394 -0.36598 
0 4 5 1 0.354349 -0.209543 
0 2 5 1 0.359209 -0.210841 
0.5 0.5 -0.5 1 0.356817 -0.658509 
0.5 0.5 6 1 0.319762 -0.138628 
10.5 0.5 -0.5 1 -0.326696 -0.578873 
10.5 0.5 6 1 -0.304935 -0.154467 
10.5 10.5 -0.5 1 -0.0845374 -0.435717 
10.5 10.5 6 1 -0.0824975 -0.170496 
0.5 10.5 -0.5 1 0.33923 -0.462607 
0.5 10.5 6 1 0.318078 -0.163025 
0.5 5.5 9.5 1 0.305695 0.0297365 
10.5 5.5 9.5 1 -0.165477 -0.00416967 
0.5 6.5 -0.5 1 0.344094 -0.516791 
0.5 8.5 -0.5 1 0.341435 -0.487172 
0.5 8.5 4.5 1 0.323385 -0.231845 
0.5 6.5 4.5 1 0.324147 -0.235031 
0.5 2.5 2 1 0.338433 -0.415505 
0.5 4.5 2 1 0.33589 -0.391436 
0.5 4.5 4.5 1 0.325072 -0.238906 
0.5 2.5 4.5 1 0.326223 -0.243721 
