0 0 0 1 0.383583 -0.49689 
0 0 6.5 1 0.314495 0.0806013 
10 0 0 1 -0.244809 -0.41128 
10 0 6.5 1 -0.265915 -0.0203399 
10 10 0 1 0.0607345 -0.292062 
10 10 6.5 1 0.0379397 -0.0316834 
0 10 0 1 0.505565 -0.30732 
0 10 6.5 1 0.460727 0.0243938 
0 5 10 1 0.379301 0.256747 
10 5 10 1 -0.096294 0.132686 
0 6 0 1 0.471941 -0.359574 
0 8 0 1 0.490332 -0.330994 
0 8 5 1 0.452848 -0.0495709 
0 6 5 1 0.431311 -0.0490072 
0 2 2.5 1 0.395877 -0.239156 
0 4 2.5 1 0.426723 -0.218288 
0 4 5 1 0.404979 -0.0483179 
0 2 5 1 0.372048 -0.0474559 
0.5 0.5 -0.5 1 0.354647 -0.51987 
0.5 0.5 6 1 0.290757 0.0294489 
10.5 0.5 -0.5 1 -0.241315 -0.430106 
10.5 0.5 6 1 -0.261812 -0.0522778 
10.5 10.5 -0.5 1 0.0554846 -0.307709 
10.5 10.5 6 1 0.033385 -0.0532049 
0.5 10.5 -0.5 1 0.484791 -0.326754 
0.5 10.5 6 1 0.442042 -0.00451494 
0.5 5.5 9.5 1 0.359502 0.212717 
10.5 5.5 9.5 1 -0.0978194 0.102895 
0.5 6.5 -0.5 1 0.448302 -0.380898 
0.5 8.5 -0.5 1 0.468201 -0.351372 
0.5 8.5 4.5 1 0.432618 -0.0787957 
0.5 6.5 4.5 1 0.409922 -0.0810731 
0.5 2.5 2 1 0.370484 -0.270852 
0.5 4.5 2 1 0.402813 -0.247403 
0.5 4.5 4.5 1 0.382377 -0.083837 
0.5 2.5 4.5 1 0.348244 -0.087262 
