0 0 0 1 0.255833 -0.223177 
0 0 6.5 1 0.297264 0.151216 
10 0 0 1 -0.341895 -0.301524 
10 0 6.5 1 -0.330635 0.205956 
10 10 0 1 -0.40712 -0.107443 
10 10 6.5 1 -0.403482 0.194634 
0 10 0 1 0.00155902 -0.0884531 
0 10 6.5 1 0.0193838 0.160894 
0 5 10 1 0.144136 0.329405 
10 5 10 1 -0.373289 0.420776 
0 6 0 1 0.0796697 -0.129839 
0 8 0 1 0.0378107 -0.107661 
0 8 5 1 0.053491 0.0960423 
0 6 5 1 0.0979455 0.0894121 
0 2 2.5 1 0.199037 -0.0594238 
0 4 2.5 1 0.139145 -0.0390868 
0 4 5 1 0.150113 0.0816316 
0 2 5 1 0.21219 0.072373 
0.5 0.5 -0.5 1 0.212196 -0.242921 
0.5 0.5 6 1 0.250537 0.124024 
10.5 0.5 -0.5 1 -0.387368 -0.326244 
10.5 0.5 6 1 -0.379754 0.167628 
10.5 10.5 -0.5 1 -0.433622 -0.124829 
10.5 10.5 6 1 -0.431186 0.1724 
0.5 10.5 -0.5 1 -0.0248786 -0.103109 
0.5 10.5 6 1 -0.00820176 0.142925 
0.5 5.5 9.5 1 0.108318 0.304869 
10.5 5.5 9.5 1 -0.409864 0.387864 
0.5 6.5 -0.5 1 0.0482221 -0.146219 
0.5 8.5 -0.5 1 0.00907815 -0.123135 
0.5 8.5 4.5 1 0.023728 0.0776906 
0.5 6.5 4.5 1 0.0652668 0.0696994 
0.5 2.5 2 1 0.159449 -0.0801673 
0.5 4.5 2 1 0.103706 -0.0583644 
0.5 4.5 4.5 1 0.113912 0.060341 
0.5 2.5 4.5 1 0.171658 0.0492319 
