0 0 0 1 0.259696 -0.108315 
0 0 6.5 1 0.249874 0.25297 
10 0 0 1 -0.0957322 -0.34434 
10 0 6.5 1 -0.150407 0.298193 
10 10 0 1 -0.562024 -0.199978 
10 10 6.5 1 -0.625589 0.207221 
0 10 0 1 -0.137944 -0.0681688 
0 10 6.5 1 -0.161933 0.204564 
0 5 10 1 0.00346518 0.405302 
10 5 10 1 -0.482745 0.54433 
0 6 0 1 -0.00419252 -0.0816726 
0 8 0 1 -0.0744361 -0.0745807 
0 8 5 1 -0.0915369 0.14381 
0 6 5 1 -0.0197498 0.148458 
0 2 2.5 1 0.15595 0.0280375 
0 4 2.5 1 0.0672726 0.0298119 
0 4 5 1 0.0603783 0.153646 
0 2 5 1 0.150391 0.159475 
0.5 0.5 -0.5 1 0.224136 -0.138736 
0.5 0.5 6 1 0.212308 0.221568 
10.5 0.5 -0.5 1 -0.159833 -0.398949 
10.5 0.5 6 1 -0.221322 0.240304 
10.5 10.5 -0.5 1 -0.604136 -0.2347 
10.5 10.5 6 1 -0.670533 0.171207 
0.5 10.5 -0.5 1 -0.165535 -0.0912293 
0.5 10.5 6 1 -0.190715 0.180944 
0.5 5.5 9.5 1 -0.0300119 0.377942 
10.5 5.5 9.5 1 -0.540326 0.498841 
0.5 6.5 -0.5 1 -0.0345036 -0.107204 
0.5 8.5 -0.5 1 -0.103324 -0.0988138 
0.5 8.5 4.5 1 -0.12142 0.119102 
0.5 6.5 4.5 1 -0.0511593 0.122399 
0.5 2.5 2 1 0.121663 -0.000887799 
0.5 4.5 2 1 0.0347941 0.00254193 
0.5 4.5 4.5 1 0.0272795 0.12608 
0.5 2.5 4.5 1 0.115412 0.130215 
