0 0 0 1 0.396534 -0.64883 
0 0 6.5 1 0.356682 -0.112286 
10 0 0 1 -0.321662 -0.56921 
10 0 6.5 1 -0.297451 -0.129758 
10 10 0 1 -0.0818755 -0.426714 
10 10 6.5 1 -0.0786695 -0.156142 
0 10 0 1 0.353146 -0.453494 
0 10 6.5 1 0.332163 -0.149025 
0 5 10 1 0.327976 0.0517026 
10 5 10 1 -0.158725 0.0178165 
0 6 0 1 0.364992 -0.506827 
0 8 0 1 0.358502 -0.477609 
0 8 5 1 0.340401 -0.217535 
0 6 5 1 0.344734 -0.219146 
0 2 2.5 1 0.369475 -0.399943 
0 4 2.5 1 0.361178 -0.377168 
0 4 5 1 0.350032 -0.221115 
0 2 5 1 0.356659 -0.223578 
0.5 0.5 -0.5 1 0.353865 -0.671333 
0.5 0.5 6 1 0.319414 -0.152257 
10.5 0.5 -0.5 1 -0.333034 -0.590343 
10.5 0.5 6 1 -0.30868 -0.162644 
10.5 10.5 -0.5 1 -0.0938438 -0.442746 
10.5 10.5 6 1 -0.0901082 -0.176649 
0.5 10.5 -0.5 1 0.329677 -0.470895 
0.5 10.5 6 1 0.310448 -0.172089 
0.5 5.5 9.5 1 0.301868 0.0185844 
10.5 5.5 9.5 1 -0.1704 -0.0104201 
0.5 6.5 -0.5 1 0.336367 -0.526328 
0.5 8.5 -0.5 1 0.33271 -0.496026 
0.5 8.5 4.5 1 0.316253 -0.24133 
0.5 6.5 4.5 1 0.318115 -0.24522 
0.5 2.5 2 1 0.334473 -0.427298 
0.5 4.5 2 1 0.33032 -0.402162 
0.5 4.5 4.5 1 0.32038 -0.249951 
0.5 2.5 4.5 1 0.323195 -0.255829 
