0 0 0 1 0.352427 -0.660528 
0 0 6.5 1 0.34385 -0.158598 
10 0 0 1 -0.370278 -0.588329 
10 0 6.5 1 -0.324178 -0.131762 
10 10 0 1 -0.171537 -0.425473 
10 10 6.5 1 -0.152369 -0.152904 
0 10 0 1 0.253231 -0.458051 
0 10 6.5 1 0.252919 -0.169916 
0 5 10 1 0.285524 0.0136701 
10 5 10 1 -0.2039 0.0233478 
0 6 0 1 0.280647 -0.514011 
0 8 0 1 0.265658 -0.483418 
0 8 5 1 0.264887 -0.23817 
0 6 5 1 0.279127 -0.24326 
0 2 2.5 1 0.320122 -0.423189 
0 4 2.5 1 0.297743 -0.396693 
0 4 5 1 0.296475 -0.249461 
0 2 5 1 0.318074 -0.257181 
0.5 0.5 -0.5 1 0.306564 -0.680235 
0.5 0.5 6 1 0.301862 -0.192474 
10.5 0.5 -0.5 1 -0.389801 -0.608642 
10.5 0.5 6 1 -0.343616 -0.163794 
10.5 10.5 -0.5 1 -0.187027 -0.440765 
10.5 10.5 6 1 -0.167506 -0.172393 
0.5 10.5 -0.5 1 0.228528 -0.473508 
0.5 10.5 6 1 0.22939 -0.190067 
0.5 5.5 9.5 1 0.256296 -0.0149096 
10.5 5.5 9.5 1 -0.220935 -0.00379679 
0.5 6.5 -0.5 1 0.250325 -0.53125 
0.5 8.5 -0.5 1 0.238431 -0.499741 
0.5 8.5 4.5 1 0.238764 -0.258917 
0.5 6.5 4.5 1 0.250169 -0.265887 
0.5 2.5 2 1 0.282084 -0.44679 
0.5 4.5 2 1 0.264429 -0.418401 
0.5 4.5 4.5 1 0.264 -0.27434 
0.5 2.5 4.5 1 0.281125 -0.284805 
