0 0 0 1 -0.0970434 -0.0357787 
0 0 6.5 1 -0.090196 0.215603 
10 0 0 1 0.295781 -0.0743882 
10 0 6.5 1 0.323116 0.200202 
10 10 0 1 0.324709 -0.235067 
10 10 6.5 1 0.374081 0.221876 
0 10 0 1 -0.295222 -0.152609 
0 10 6.5 1 -0.298819 0.243499 
0 5 10 1 -0.167731 0.406759 
10 5 10 1 0.362781 0.411634 
0 6 0 1 -0.193933 -0.0928974 
0 8 0 1 -0.23941 -0.119707 
0 8 5 1 -0.239059 0.149439 
0 6 5 1 -0.191569 0.151416 
0 2 2.5 1 -0.122033 0.0493742 
0 4 2.5 1 -0.154348 0.0389582 
0 4 5 1 -0.152458 0.153045 
0 2 5 1 -0.119687 0.154409 
0.5 0.5 -0.5 1 -0.085717 -0.060223 
0.5 0.5 6 1 -0.0782005 0.195138 
10.5 0.5 -0.5 1 0.316599 -0.102035 
10.5 0.5 6 1 0.345621 0.177297 
10.5 10.5 -0.5 1 0.360753 -0.287325 
10.5 10.5 6 1 0.415294 0.182809 
0.5 10.5 -0.5 1 -0.283378 -0.194974 
0.5 10.5 6 1 -0.286192 0.211061 
0.5 5.5 9.5 1 -0.154403 0.385555 
10.5 5.5 9.5 1 0.3936 0.387717 
0.5 6.5 -0.5 1 -0.181805 -0.125729 
0.5 8.5 -0.5 1 -0.227267 -0.156722 
0.5 8.5 4.5 1 -0.226283 0.118344 
0.5 6.5 4.5 1 -0.178819 0.12346 
0.5 2.5 2 1 -0.110108 0.0243048 
0.5 4.5 2 1 -0.14212 0.0114286 
0.5 4.5 4.5 1 -0.139928 0.127652 
0.5 2.5 4.5 1 -0.10748 0.131149 
