0 0 0 1 -0.44112 -0.371826 
0 0 6.5 1 -0.434908 0.265564 
10 0 0 1 -0.252635 -0.12059 
10 0 6.5 1 -0.240784 0.204267 
10 10 0 1 0.230225 -0.14683 
10 10 6.5 1 0.263551 0.166764 
0 10 0 1 0.483315 -0.407378 
0 10 6.5 1 0.571621 0.18785 
0 5 10 1 0.115035 0.606335 
10 5 10 1 0.0285948 0.369513 
0 6 0 1 0.126288 -0.393647 
0 8 0 1 0.306829 -0.400591 
0 8 5 1 0.362183 0.0539455 
0 6 5 1 0.169883 0.0669498 
0 2 2.5 1 -0.238702 -0.150736 
0 4 2.5 1 -0.043352 -0.160999 
0 4 5 1 -0.0271996 0.0802775 
0 2 5 1 -0.229245 0.0939409 
0.5 0.5 -0.5 1 -0.37785 -0.392846 
0.5 0.5 6 1 -0.366343 0.205257 
10.5 0.5 -0.5 1 -0.224601 -0.138826 
10.5 0.5 6 1 -0.211833 0.17555 
10.5 10.5 -0.5 1 0.244118 -0.163816 
10.5 10.5 6 1 0.277094 0.139993 
0.5 10.5 -0.5 1 0.49607 -0.425465 
0.5 10.5 6 1 0.580568 0.135325 
0.5 5.5 9.5 1 0.151972 0.524599 
10.5 5.5 9.5 1 0.049728 0.335585 
0.5 6.5 -0.5 1 0.157924 -0.412844 
0.5 8.5 -0.5 1 0.328818 -0.419222 
0.5 8.5 4.5 1 0.38255 0.00917844 
0.5 6.5 4.5 1 0.201158 0.0209417 
0.5 2.5 2 1 -0.18525 -0.184349 
0.5 4.5 2 1 -0.00112634 -0.193672 
0.5 4.5 4.5 1 0.015509 0.0329811 
0.5 2.5 4.5 1 -0.17455 0.0453065 
