0 0 0 1 -0.353762 -0.30768 
0 0 6.5 1 -0.38308 -0.0116011 
10 0 0 1 0.0544311 -0.225377 
10 0 6.5 1 0.0292739 0.0251229 
10 10 0 1 0.321767 -0.324017 
10 10 6.5 1 0.282401 0.0646002 
0 10 0 1 -0.298349 -0.496875 
0 10 6.5 1 -0.348967 0.0136711 
0 5 10 1 -0.390508 0.199102 
10 5 10 1 0.112003 0.204373 
0 6 0 1 -0.327985 -0.395691 
0 8 0 1 -0.315042 -0.43988 
0 8 5 1 -0.349051 -0.0967286 
0 6 5 1 -0.358163 -0.0910964 
0 2 2.5 1 -0.359067 -0.20723 
0 4 2.5 1 -0.351881 -0.223451 
0 4 5 1 -0.365437 -0.0866009 
0 2 5 1 -0.371377 -0.0829294 
0.5 0.5 -0.5 1 -0.325438 -0.331384 
0.5 0.5 6 1 -0.35514 -0.0316914 
10.5 0.5 -0.5 1 0.082538 -0.244554 
10.5 0.5 6 1 0.0570991 0.00852842 
10.5 10.5 -0.5 1 0.369901 -0.355518 
10.5 10.5 6 1 0.329842 0.0393494 
0.5 10.5 -0.5 1 -0.2479 -0.542112 
0.5 10.5 6 1 -0.299674 -0.0207231 
0.5 5.5 9.5 1 -0.355172 0.176853 
10.5 5.5 9.5 1 0.146925 0.186398 
0.5 6.5 -0.5 1 -0.289539 -0.428949 
0.5 8.5 -0.5 1 -0.271403 -0.478237 
0.5 8.5 4.5 1 -0.306088 -0.128736 
0.5 6.5 4.5 1 -0.320249 -0.119361 
0.5 2.5 2 1 -0.328193 -0.231794 
0.5 4.5 2 1 -0.317741 -0.250769 
0.5 4.5 4.5 1 -0.33151 -0.111906 
0.5 2.5 4.5 1 -0.34068 -0.105836 
