0 0 0 1 -0.249175 -0.0280093 
0 0 6.5 1 -0.276954 0.241951 
10 0 0 1 0.144887 0.0050885 
10 0 6.5 1 0.13434 0.262941 
10 10 0 1 0.31708 -0.0816789 
10 10 6.5 1 0.311103 0.338095 
0 10 0 1 -0.322975 -0.143887 
0 10 6.5 1 -0.375774 0.30896 
0 5 10 1 -0.334772 0.464233 
10 5 10 1 0.195323 0.476936 
0 6 0 1 -0.284198 -0.0830022 
0 8 0 1 -0.301323 -0.109892 
0 8 5 1 -0.335345 0.192455 
0 6 5 1 -0.313779 0.187541 
0 2 2.5 1 -0.270326 0.0666614 
0 4 2.5 1 -0.283136 0.0588793 
0 4 5 1 -0.296452 0.183594 
0 2 5 1 -0.282226 0.180352 
0.5 0.5 -0.5 1 -0.228356 -0.0499963 
0.5 0.5 6 1 -0.25566 0.223091 
10.5 0.5 -0.5 1 0.170118 -0.0153764 
10.5 0.5 6 1 0.160449 0.245334 
10.5 10.5 -0.5 1 0.361887 -0.116841 
10.5 10.5 6 1 0.358813 0.310558 
0.5 10.5 -0.5 1 -0.289857 -0.183564 
0.5 10.5 6 1 -0.341574 0.278135 
0.5 5.5 9.5 1 -0.308125 0.443999 
10.5 5.5 9.5 1 0.229997 0.458249 
0.5 6.5 -0.5 1 -0.257396 -0.113064 
0.5 8.5 -0.5 1 -0.271692 -0.144112 
0.5 8.5 4.5 1 -0.30502 0.163329 
0.5 6.5 4.5 1 -0.286396 0.161555 
0.5 2.5 2 1 -0.247621 0.0438398 
0.5 4.5 2 1 -0.258428 0.0336816 
0.5 4.5 4.5 1 -0.271498 0.160136 
0.5 2.5 4.5 1 -0.259309 0.158976 
