0 0 0 1 -0.637632 -0.524441 
0 0 6.5 1 -0.584665 -0.0862632 
10 0 0 1 -0.146897 -0.415061 
10 0 6.5 1 -0.137714 -0.125222 
10 10 0 1 0.278063 -0.49451 
10 10 6.5 1 0.259579 -0.101217 
0 10 0 1 -0.173614 -0.74871 
0 10 6.5 1 -0.148477 -0.0205795 
0 5 10 1 -0.394497 0.191157 
10 5 10 1 0.0319719 0.0481747 
0 6 0 1 -0.419012 -0.630104 
0 8 0 1 -0.311073 -0.682273 
0 8 5 1 -0.280905 -0.17428 
0 6 5 1 -0.383026 -0.176465 
0 2 2.5 1 -0.556497 -0.360015 
0 4 2.5 1 -0.48566 -0.375266 
0 4 5 1 -0.466811 -0.178258 
0 2 5 1 -0.536792 -0.179755 
0.5 0.5 -0.5 1 -0.59086 -0.559443 
0.5 0.5 6 1 -0.541607 -0.118119 
10.5 0.5 -0.5 1 -0.115937 -0.437969 
10.5 0.5 6 1 -0.108426 -0.146739 
10.5 10.5 -0.5 1 0.3206 -0.525809 
10.5 10.5 6 1 0.299022 -0.129975 
0.5 10.5 -0.5 1 -0.0941647 -0.807994 
0.5 10.5 6 1 -0.0791811 -0.0713695 
0.5 5.5 9.5 1 -0.344044 0.154206 
10.5 5.5 9.5 1 0.0645015 0.0244478 
0.5 6.5 -0.5 1 -0.356916 -0.676511 
0.5 8.5 -0.5 1 -0.241364 -0.734334 
0.5 8.5 4.5 1 -0.217469 -0.221058 
0.5 6.5 4.5 1 -0.325957 -0.218627 
0.5 2.5 2 1 -0.507311 -0.396626 
0.5 4.5 2 1 -0.431816 -0.415309 
0.5 4.5 4.5 1 -0.414948 -0.216632 
0.5 2.5 4.5 1 -0.489264 -0.214967 
