0 0 0 1 0.341709 -0.54353 
0 0 6.5 1 0.275853 0.060607 
10 0 0 1 -0.226954 -0.395268 
10 0 6.5 1 -0.260495 -0.0184441 
10 10 0 1 0.104757 -0.2594 
10 10 6.5 1 0.0782605 0.00160587 
0 10 0 1 0.554764 -0.297763 
0 10 6.5 1 0.513208 0.0552372 
0 5 10 1 0.398382 0.291275 
10 5 10 1 -0.0764968 0.156596 
0 6 0 1 0.495045 -0.366651 
0 8 0 1 0.527613 -0.329083 
0 8 5 1 0.492968 -0.0319637 
0 6 5 1 0.457371 -0.0397991 
0 2 2.5 1 0.382588 -0.264041 
0 4 2.5 1 0.434488 -0.229745 
0 4 5 1 0.413989 -0.0493481 
0 2 5 1 0.359955 -0.0612419 
0.5 0.5 -0.5 1 0.320751 -0.557202 
0.5 0.5 6 1 0.25922 0.0114763 
10.5 0.5 -0.5 1 -0.218435 -0.409668 
10.5 0.5 6 1 -0.250815 -0.0469496 
10.5 10.5 -0.5 1 0.101789 -0.273165 
10.5 10.5 6 1 0.0760282 -0.019003 
0.5 10.5 -0.5 1 0.534495 -0.31485 
0.5 10.5 6 1 0.494676 0.0257447 
0.5 5.5 9.5 1 0.380542 0.244377 
10.5 5.5 9.5 1 -0.0742782 0.12772 
0.5 6.5 -0.5 1 0.473481 -0.384031 
0.5 8.5 -0.5 1 0.506646 -0.346426 
0.5 8.5 4.5 1 0.473568 -0.060696 
0.5 6.5 4.5 1 0.437657 -0.070909 
0.5 2.5 2 1 0.362071 -0.290798 
0.5 4.5 2 1 0.413666 -0.25532 
0.5 4.5 4.5 1 0.394262 -0.0832506 
0.5 2.5 4.5 1 0.34077 -0.0984635 
