0 0 0 1 -0.0729896 -0.0360025 
0 0 6.5 1 -0.0603578 0.215441 
10 0 0 1 0.323538 -0.0851625 
10 0 6.5 1 0.355851 0.196595 
10 10 0 1 0.325455 -0.23655 
10 10 6.5 1 0.381395 0.23802 
0 10 0 1 -0.292655 -0.133973 
0 10 6.5 1 -0.286629 0.260489 
0 5 10 1 -0.141049 0.411119 
10 5 10 1 0.389295 0.419596 
0 6 0 1 -0.18074 -0.0840591 
0 8 0 1 -0.23108 -0.106511 
0 8 5 1 -0.224307 0.162362 
0 6 5 1 -0.172624 0.160201 
0 2 2.5 1 -0.0987468 0.0519986 
0 4 2.5 1 -0.134435 0.0445468 
0 4 5 1 -0.129894 0.158415 
0 2 5 1 -0.0939765 0.156914 
0.5 0.5 -0.5 1 -0.0631299 -0.0604256 
0.5 0.5 6 1 -0.0498178 0.195475 
10.5 0.5 -0.5 1 0.343968 -0.113836 
10.5 0.5 6 1 0.378029 0.173516 
10.5 10.5 -0.5 1 0.360274 -0.291363 
10.5 10.5 6 1 0.421488 0.19924 
0.5 10.5 -0.5 1 -0.284337 -0.175694 
0.5 10.5 6 1 -0.277547 0.22983 
0.5 5.5 9.5 1 -0.12989 0.391162 
10.5 5.5 9.5 1 0.419587 0.396428 
0.5 6.5 -0.5 1 -0.170989 -0.11663 
0.5 8.5 -0.5 1 -0.221806 -0.14311 
0.5 8.5 4.5 1 -0.214408 0.132404 
0.5 6.5 4.5 1 -0.162252 0.133103 
0.5 2.5 2 1 -0.0885213 0.027223 
0.5 4.5 2 1 -0.124205 0.0174253 
0.5 4.5 4.5 1 -0.119361 0.133678 
0.5 2.5 4.5 1 -0.0834665 0.134159 
