0 0 0 1 0.258149 -0.0538859 
0 0 6.5 1 0.281193 0.325807 
10 0 0 1 -0.266241 -0.186107 
10 0 6.5 1 -0.29452 0.406377 
10 10 0 1 -0.493008 -0.0307158 
10 10 6.5 1 -0.525665 0.322976 
0 10 0 1 -0.0686152 0.0240784 
0 10 6.5 1 -0.070198 0.289182 
0 5 10 1 0.0768715 0.489132 
10 5 10 1 -0.461741 0.627181 
0 6 0 1 0.0356674 -0.000802888 
0 8 0 1 -0.0197657 0.0124232 
0 8 5 1 -0.0189384 0.226634 
0 6 5 1 0.0391151 0.227899 
0 2 2.5 1 0.177974 0.095343 
0 4 2.5 1 0.10246 0.103732 
0 4 5 1 0.105975 0.229355 
0 2 5 1 0.18381 0.231051 
0.5 0.5 -0.5 1 0.216588 -0.0795122 
0.5 0.5 6 1 0.236214 0.294492 
10.5 0.5 -0.5 1 -0.322508 -0.223462 
10.5 0.5 6 1 -0.357235 0.355191 
10.5 10.5 -0.5 1 -0.525392 -0.0548115 
10.5 10.5 6 1 -0.56006 0.293948 
0.5 10.5 -0.5 1 -0.0958185 0.00551186 
0.5 10.5 6 1 -0.0988311 0.267842 
0.5 5.5 9.5 1 0.0405721 0.46133 
10.5 5.5 9.5 1 -0.508215 0.584935 
0.5 6.5 -0.5 1 0.00406586 -0.0216725 
0.5 8.5 -0.5 1 -0.0490078 -0.00722807 
0.5 8.5 4.5 1 -0.04944 0.204618 
0.5 6.5 4.5 1 0.00603785 0.204332 
0.5 2.5 2 1 0.139318 0.0697958 
0.5 4.5 2 1 0.0672444 0.0799935 
0.5 4.5 4.5 1 0.0698626 0.204004 
0.5 2.5 4.5 1 0.144071 0.203622 
