0 0 0 1 -0.658209 -0.348314 
0 0 6.5 1 -0.590893 0.211061 
10 0 0 1 -0.248277 -0.21528 
10 0 6.5 1 -0.215833 0.0888589 
10 10 0 1 0.234602 -0.288331 
10 10 6.5 1 0.265293 0.053856 
0 10 0 1 0.233504 -0.53301 
0 10 6.5 1 0.296071 0.170178 
0 5 10 1 -0.162006 0.517445 
10 5 10 1 0.0276891 0.242814 
0 6 0 1 -0.172754 -0.448864 
0 8 0 1 0.0205078 -0.488893 
0 8 5 1 0.0703826 0.0283122 
0 6 5 1 -0.121871 0.0441081 
0 2 2.5 1 -0.483968 -0.151856 
0 4 2.5 1 -0.322928 -0.175 
0 4 5 1 -0.297377 0.0585279 
0 2 5 1 -0.458231 0.071744 
0.5 0.5 -0.5 1 -0.592137 -0.386102 
0.5 0.5 6 1 -0.528027 0.157647 
10.5 0.5 -0.5 1 -0.218708 -0.238193 
10.5 0.5 6 1 -0.187096 0.0612669 
10.5 10.5 -0.5 1 0.258917 -0.31269 
10.5 10.5 6 1 0.28877 0.0235855 
0.5 10.5 -0.5 1 0.282757 -0.573239 
0.5 10.5 6 1 0.341913 0.105421 
0.5 5.5 9.5 1 -0.106884 0.449164 
10.5 5.5 9.5 1 0.0537405 0.211217 
0.5 6.5 -0.5 1 -0.114197 -0.488332 
0.5 8.5 -0.5 1 0.0749796 -0.528796 
0.5 8.5 4.5 1 0.122187 -0.0288693 
0.5 6.5 4.5 1 -0.065964 -0.0110802 
0.5 2.5 2 1 -0.421062 -0.196938 
0.5 4.5 2 1 -0.26251 -0.221256 
0.5 4.5 4.5 1 -0.238246 0.0052085 
0.5 2.5 4.5 1 -0.396585 0.0201789 
