0 0 0 1 0.256891 -0.239475 
0 0 6.5 1 0.299715 0.137121 
10 0 0 1 -0.349965 -0.304568 
10 0 6.5 1 -0.333215 0.19676 
10 10 0 1 -0.395889 -0.114293 
10 10 6.5 1 -0.387982 0.183137 
0 10 0 1 0.0115962 -0.101878 
0 10 6.5 1 0.0314057 0.146728 
0 5 10 1 0.15287 0.314191 
10 5 10 1 -0.361607 0.404804 
0 6 0 1 0.0864952 -0.143892 
0 8 0 1 0.0463076 -0.121349 
0 8 5 1 0.0634916 0.0821952 
0 6 5 1 0.10623 0.0755213 
0 2 2.5 1 0.202772 -0.0738704 
0 4 2.5 1 0.144865 -0.0531481 
0 4 5 1 0.156517 0.0676685 
0 2 5 1 0.216548 0.0582942 
0.5 0.5 -0.5 1 0.212949 -0.258759 
0.5 0.5 6 1 0.252849 0.110156 
10.5 0.5 -0.5 1 -0.394115 -0.328449 
10.5 0.5 6 1 -0.380659 0.159348 
10.5 10.5 -0.5 1 -0.421751 -0.131172 
10.5 10.5 6 1 -0.414945 0.161462 
0.5 10.5 -0.5 1 -0.0147729 -0.116222 
0.5 10.5 6 1 0.00396049 0.129024 
0.5 5.5 9.5 1 0.117191 0.289891 
10.5 5.5 9.5 1 -0.397029 0.372706 
0.5 6.5 -0.5 1 0.0550418 -0.159921 
0.5 8.5 -0.5 1 0.0176132 -0.136493 
0.5 8.5 4.5 1 0.0338292 0.0641212 
0.5 6.5 4.5 1 0.0736186 0.0560899 
0.5 2.5 2 1 0.16307 -0.0942718 
0.5 4.5 2 1 0.109398 -0.072099 
0.5 4.5 4.5 1 0.120334 0.0466607 
0.5 2.5 4.5 1 0.175955 0.0354339 
