0 0 0 1 -0.656075 -0.546895 
0 0 6.5 1 -0.596626 -0.0953807 
10 0 0 1 -0.160541 -0.42759 
10 0 6.5 1 -0.147916 -0.134339 
10 10 0 1 0.273281 -0.513776 
10 10 6.5 1 0.258897 -0.119565 
0 10 0 1 -0.154346 -0.79215 
0 10 6.5 1 -0.125052 -0.0460842 
0 5 10 1 -0.389145 0.182389 
10 5 10 1 0.0286508 0.0364776 
0 6 0 1 -0.418555 -0.663 
0 8 0 1 -0.302031 -0.719959 
0 8 5 1 -0.267798 -0.198426 
0 6 5 1 -0.378018 -0.196647 
0 2 2.5 1 -0.566942 -0.379512 
0 4 2.5 1 -0.48995 -0.397802 
0 4 5 1 -0.468784 -0.195182 
0 2 5 1 -0.54483 -0.193955 
0.5 0.5 -0.5 1 -0.607613 -0.582782 
0.5 0.5 6 1 -0.552153 -0.128634 
10.5 0.5 -0.5 1 -0.129523 -0.45078 
10.5 0.5 6 1 -0.118583 -0.1564 
10.5 10.5 -0.5 1 0.314825 -0.544983 
10.5 10.5 6 1 0.297475 -0.148761 
0.5 10.5 -0.5 1 -0.0741136 -0.851711 
0.5 10.5 6 1 -0.0551967 -0.0987296 
0.5 5.5 9.5 1 -0.337592 0.143514 
10.5 5.5 9.5 1 0.0609057 0.0120749 
0.5 6.5 -0.5 1 -0.35499 -0.710125 
0.5 8.5 -0.5 1 -0.231098 -0.772577 
0.5 8.5 4.5 1 -0.203373 -0.246733 
0.5 6.5 4.5 1 -0.31973 -0.240284 
0.5 2.5 2 1 -0.516212 -0.41725 
0.5 4.5 2 1 -0.434635 -0.438983 
0.5 4.5 4.5 1 -0.415565 -0.234972 
0.5 2.5 4.5 1 -0.495869 -0.230521 
