0 0 0 1 -0.513632 -0.31996 
0 0 6.5 1 -0.490976 0.30895 
10 0 0 1 -0.252687 -0.116829 
10 0 6.5 1 -0.232829 0.203733 
10 10 0 1 0.234642 -0.160938 
10 10 6.5 1 0.27075 0.160708 
0 10 0 1 0.435578 -0.409278 
0 10 6.5 1 0.521901 0.223744 
0 5 10 1 0.0435884 0.6423 
10 5 10 1 0.0337748 0.364115 
0 6 0 1 0.052495 -0.373231 
0 8 0 1 0.243463 -0.3912 
0 8 5 1 0.298978 0.0877619 
0 6 5 1 0.0982477 0.105133 
0 2 2.5 1 -0.313076 -0.104838 
0 4 2.5 1 -0.119723 -0.122319 
0 4 5 1 -0.101228 0.122395 
0 2 5 1 -0.299462 0.13955 
0.5 0.5 -0.5 1 -0.446599 -0.348575 
0.5 0.5 6 1 -0.42094 0.246086 
10.5 0.5 -0.5 1 -0.22402 -0.137129 
10.5 0.5 6 1 -0.203773 0.174306 
10.5 10.5 -0.5 1 0.250938 -0.180251 
10.5 10.5 6 1 0.286607 0.132201 
0.5 10.5 -0.5 1 0.456777 -0.433898 
0.5 10.5 6 1 0.539916 0.164391 
0.5 5.5 9.5 1 0.087841 0.558803 
10.5 5.5 9.5 1 0.0562511 0.329723 
0.5 6.5 -0.5 1 0.0923501 -0.399478 
0.5 8.5 -0.5 1 0.274045 -0.416639 
0.5 8.5 4.5 1 0.328161 0.0364402 
0.5 6.5 4.5 1 0.137652 0.0530717 
0.5 2.5 2 1 -0.2543 -0.144924 
0.5 4.5 2 1 -0.0704468 -0.161647 
0.5 4.5 4.5 1 -0.0517285 0.0696046 
0.5 2.5 4.5 1 -0.239989 0.0860398 
