0 0 0 1 -0.180068 -0.016085 
0 0 6.5 1 -0.194258 0.243416 
10 0 0 1 0.210552 -0.0113631 
10 0 6.5 1 0.216686 0.251692 
10 10 0 1 0.324758 -0.143591 
10 10 6.5 1 0.345159 0.287207 
0 10 0 1 -0.308149 -0.148661 
0 10 6.5 1 -0.342885 0.272658 
0 5 10 1 -0.262396 0.445179 
10 5 10 1 0.270869 0.459285 
0 6 0 1 -0.241752 -0.0799338 
0 8 0 1 -0.271317 -0.110536 
0 8 5 1 -0.292357 0.172627 
0 6 5 1 -0.259082 0.175428 
0 2 2.5 1 -0.203334 0.0706276 
0 4 2.5 1 -0.224614 0.0587784 
0 4 5 1 -0.232063 0.177702 
0 2 5 1 -0.209688 0.179586 
0.5 0.5 -0.5 1 -0.163436 -0.039303 
0.5 0.5 6 1 -0.176989 0.223371 
10.5 0.5 -0.5 1 0.233754 -0.0347899 
10.5 0.5 6 1 0.241232 0.231529 
10.5 10.5 -0.5 1 0.365947 -0.185634 
10.5 10.5 6 1 0.390688 0.253928 
0.5 10.5 -0.5 1 -0.284388 -0.190004 
0.5 10.5 6 1 -0.318004 0.239682 
0.5 5.5 9.5 1 -0.241415 0.423531 
10.5 5.5 9.5 1 0.304169 0.437587 
0.5 6.5 -0.5 1 -0.221386 -0.111507 
0.5 8.5 -0.5 1 -0.249359 -0.146359 
0.5 8.5 4.5 1 -0.269622 0.141678 
0.5 6.5 4.5 1 -0.238024 0.147823 
0.5 2.5 2 1 -0.185338 0.0464715 
0.5 4.5 2 1 -0.205347 0.0321292 
0.5 4.5 4.5 1 -0.212485 0.15279 
0.5 2.5 4.5 1 -0.191415 0.156887 
