0 0 0 1 0.284201 -0.257631 
0 0 6.5 1 0.252355 0.0907923 
10 0 0 1 0.144483 -0.57858 
10 0 6.5 1 0.0780907 0.10905 
10 10 0 1 -0.580585 -0.466028 
10 10 6.5 1 -0.637655 0.0166011 
0 10 0 1 -0.170816 -0.247246 
0 10 6.5 1 -0.200951 0.0394713 
0 5 10 1 -0.0133531 0.234507 
10 5 10 1 -0.377343 0.368235 
0 6 0 1 -0.00946392 -0.250929 
0 8 0 1 -0.0930805 -0.24902 
0 8 5 1 -0.116529 -0.020842 
0 6 5 1 -0.0332076 -0.0140707 
0 2 2.5 1 0.166223 -0.127527 
0 4 2.5 1 0.068765 -0.130331 
0 4 5 1 0.0567136 -0.00676313 
0 2 5 1 0.154052 0.00114721 
0.5 0.5 -0.5 1 0.255095 -0.292114 
0.5 0.5 6 1 0.222509 0.0606459 
10.5 0.5 -0.5 1 0.0825868 -0.656061 
10.5 0.5 6 1 0.0130507 0.0486544 
10.5 10.5 -0.5 1 -0.637324 -0.518034 
10.5 10.5 6 1 -0.696322 -0.0270501 
0.5 10.5 -0.5 1 -0.199746 -0.275485 
0.5 10.5 6 1 -0.230468 0.0141621 
0.5 5.5 9.5 1 -0.0436506 0.208947 
10.5 5.5 9.5 1 -0.441408 0.32413 
0.5 6.5 -0.5 1 -0.0387004 -0.281373 
0.5 8.5 -0.5 1 -0.122192 -0.278321 
0.5 8.5 4.5 1 -0.146111 -0.0477295 
0.5 6.5 4.5 1 -0.0629383 -0.0419141 
0.5 2.5 2 1 0.136698 -0.159038 
0.5 4.5 2 1 0.0392165 -0.160617 
0.5 4.5 4.5 1 0.0269047 -0.0356325 
0.5 2.5 4.5 1 0.124254 -0.028826 
