0 0 0 1 -0.034231 -0.236207 
0 0 6.5 1 -0.0678069 0.465547 
10 0 0 1 -0.247991 -0.0452555 
10 0 6.5 1 -0.279029 0.314602 
10 10 0 1 0.18949 0.0123544 
10 10 6.5 1 0.188286 0.306195 
0 10 0 1 0.61619 -0.0853869 
0 10 6.5 1 0.653509 0.402298 
0 5 10 1 0.372329 0.793423 
10 5 10 1 -0.0283279 0.500871 
0 6 0 1 0.408722 -0.133495 
0 8 0 1 0.519017 -0.107919 
0 8 5 1 0.541827 0.28269 
0 6 5 1 0.424415 0.283553 
0 2 2.5 1 0.13313 0.033812 
0 4 2.5 1 0.285372 0.0516829 
0 4 5 1 0.288541 0.284551 
0 2 5 1 0.129476 0.28572 
0.5 0.5 -0.5 1 -0.00795425 -0.253524 
0.5 0.5 6 1 -0.0355737 0.39066 
10.5 0.5 -0.5 1 -0.225523 -0.0619737 
10.5 0.5 6 1 -0.253844 0.282173 
10.5 10.5 -0.5 1 0.194239 -0.00322369 
10.5 10.5 6 1 0.193325 0.28007 
0.5 10.5 -0.5 1 0.602324 -0.105399 
0.5 10.5 6 1 0.636393 0.353868 
0.5 5.5 9.5 1 0.370155 0.706092 
10.5 5.5 9.5 1 -0.0144344 0.463808 
0.5 6.5 -0.5 1 0.404856 -0.153328 
0.5 8.5 -0.5 1 0.509502 -0.127929 
0.5 8.5 4.5 1 0.530344 0.238998 
0.5 6.5 4.5 1 0.419304 0.236817 
0.5 2.5 2 1 0.147171 -0.00118486 
0.5 4.5 2 1 0.288844 0.0180343 
0.5 4.5 4.5 1 0.291944 0.234315 
0.5 2.5 4.5 1 0.144383 0.231417 
