0 0 0 1 0.380155 -0.50293 
0 0 6.5 1 0.310879 0.0786199 
10 0 0 1 -0.242073 -0.410515 
10 0 6.5 1 -0.265056 -0.0211189 
10 10 0 1 0.0668507 -0.288615 
10 10 6.5 1 0.0432858 -0.0281788 
0 10 0 1 0.51255 -0.30599 
0 10 6.5 1 0.467553 0.0282871 
0 5 10 1 0.382052 0.261071 
10 5 10 1 -0.0936452 0.134873 
0 6 0 1 0.476008 -0.360346 
0 8 0 1 0.49599 -0.330622 
0 8 5 1 0.4584 -0.0472223 
0 6 5 1 0.435272 -0.047648 
0 2 2.5 1 0.395553 -0.242037 
0 4 2.5 1 0.42882 -0.219498 
0 4 5 1 0.406996 -0.0481684 
0 2 5 1 0.371639 -0.0488191 
0.5 0.5 -0.5 1 0.352074 -0.524881 
0.5 0.5 6 1 0.287915 0.0275521 
10.5 0.5 -0.5 1 -0.237904 -0.428774 
10.5 0.5 6 1 -0.260217 -0.0526458 
10.5 10.5 -0.5 1 0.0619005 -0.304037 
10.5 10.5 6 1 0.0390386 -0.0495971 
0.5 10.5 -0.5 1 0.491836 -0.325195 
0.5 10.5 6 1 0.44891 -0.000730298 
0.5 5.5 9.5 1 0.362493 0.216652 
10.5 5.5 9.5 1 -0.0946843 0.105182 
0.5 6.5 -0.5 1 0.452591 -0.381265 
0.5 8.5 -0.5 1 0.473987 -0.350697 
0.5 8.5 4.5 1 0.438279 -0.0764444 
0.5 6.5 4.5 1 0.414079 -0.0796706 
0.5 2.5 2 1 0.370686 -0.273252 
0.5 4.5 2 1 0.405247 -0.248278 
0.5 4.5 4.5 1 0.384716 -0.083585 
0.5 2.5 4.5 1 0.348341 -0.0884342 
