0 0 0 1 -0.706134 -0.487053 
0 0 6.5 1 -0.625768 0.0465204 
10 0 0 1 -0.242914 -0.331344 
10 0 6.5 1 -0.21037 -0.0291001 
10 10 0 1 0.233717 -0.419762 
10 10 6.5 1 0.255531 -0.0598477 
0 10 0 1 0.105912 -0.73186 
0 10 6.5 1 0.158623 0.012226 
0 5 10 1 -0.258112 0.337121 
10 5 10 1 0.0177746 0.12517 
0 6 0 1 -0.284613 -0.614128 
0 8 0 1 -0.103469 -0.668738 
0 8 5 1 -0.0544234 -0.130113 
0 6 5 1 -0.230086 -0.112694 
0 2 2.5 1 -0.55122 -0.29934 
0 4 2.5 1 -0.413042 -0.326527 
0 4 5 1 -0.384548 -0.0973775 
0 2 5 1 -0.521431 -0.0838041 
0.5 0.5 -0.5 1 -0.643532 -0.524498 
0.5 0.5 6 1 -0.567869 0.000652778 
10.5 0.5 -0.5 1 -0.212751 -0.354379 
10.5 0.5 6 1 -0.181452 -0.0548483 
10.5 10.5 -0.5 1 0.262934 -0.44584 
10.5 10.5 6 1 0.283455 -0.0897792 
0.5 10.5 -0.5 1 0.169451 -0.776623 
0.5 10.5 6 1 0.216458 -0.0489356 
0.5 5.5 9.5 1 -0.201461 0.279706 
10.5 5.5 9.5 1 0.0458179 0.0959424 
0.5 6.5 -0.5 1 -0.219923 -0.655869 
0.5 8.5 -0.5 1 -0.0389456 -0.711994 
0.5 8.5 4.5 1 0.00568101 -0.184566 
0.5 6.5 4.5 1 -0.169672 -0.164136 
0.5 2.5 2 1 -0.489642 -0.34208 
0.5 4.5 2 1 -0.350834 -0.37124 
0.5 4.5 4.5 1 -0.324325 -0.146118 
0.5 2.5 4.5 1 -0.46174 -0.130108 
