0 0 0 1 -0.506636 -0.444787 
0 0 6.5 1 -0.499696 -0.0793163 
10 0 0 1 -0.0516412 -0.350707 
10 0 6.5 1 -0.0650876 -0.0808332 
10 10 0 1 0.30701 -0.415498 
10 10 6.5 1 0.266608 -0.0242519 
0 10 0 1 -0.266709 -0.620344 
0 10 6.5 1 -0.277109 0.0101771 
0 5 10 1 -0.41536 0.177844 
10 5 10 1 0.0596672 0.101931 
0 6 0 1 -0.395901 -0.525812 
0 8 0 1 -0.339731 -0.566913 
0 8 5 1 -0.342273 -0.135306 
0 6 5 1 -0.39499 -0.143516 
0 2 2.5 1 -0.474344 -0.307433 
0 4 2.5 1 -0.438863 -0.317176 
0 4 5 1 -0.437357 -0.150114 
0 2 5 1 -0.472148 -0.155532 
0.5 0.5 -0.5 1 -0.469225 -0.473405 
0.5 0.5 6 1 -0.464294 -0.103517 
10.5 0.5 -0.5 1 -0.0213264 -0.371219 
10.5 0.5 6 1 -0.0361004 -0.0989328 
10.5 10.5 -0.5 1 0.354666 -0.446164 
10.5 10.5 6 1 0.311099 -0.0498288 
0.5 10.5 -0.5 1 -0.197359 -0.673277 
0.5 10.5 6 1 -0.214357 -0.0295476 
0.5 5.5 9.5 1 -0.371683 0.150948 
10.5 5.5 9.5 1 0.0938343 0.0823374 
0.5 6.5 -0.5 1 -0.344167 -0.565346 
0.5 8.5 -0.5 1 -0.280458 -0.612184 
0.5 8.5 4.5 1 -0.286835 -0.172596 
0.5 6.5 4.5 1 -0.346203 -0.17679 
0.5 2.5 2 1 -0.434092 -0.336801 
0.5 4.5 2 1 -0.394174 -0.349625 
0.5 4.5 4.5 1 -0.393803 -0.180152 
0.5 2.5 4.5 1 -0.43282 -0.182909 
