0 0 0 1 -0.712726 -0.601774 
0 0 6.5 1 -0.633398 -0.101786 
10 0 0 1 -0.209897 -0.44208 
10 0 6.5 1 -0.185093 -0.139554 
10 10 0 1 0.251301 -0.544717 
10 10 6.5 1 0.254334 -0.156158 
0 10 0 1 -0.0586301 -0.90322 
0 10 6.5 1 -0.0162605 -0.11456 
0 5 10 1 -0.353992 0.177258 
10 5 10 1 0.0173147 0.0214415 
0 6 0 1 -0.393545 -0.748871 
0 8 0 1 -0.24333 -0.818099 
0 8 5 1 -0.197389 -0.26045 
0 6 5 1 -0.33997 -0.244607 
0 2 2.5 1 -0.591633 -0.424298 
0 4 2.5 1 -0.487949 -0.452896 
0 4 5 1 -0.459932 -0.231277 
0 2 5 1 -0.562263 -0.219906 
0.5 0.5 -0.5 1 -0.657216 -0.639479 
0.5 0.5 6 1 -0.582809 -0.140404 
10.5 0.5 -0.5 1 -0.178939 -0.465627 
10.5 0.5 6 1 -0.15575 -0.163409 
10.5 10.5 -0.5 1 0.287931 -0.574174 
10.5 10.5 6 1 0.288712 -0.186162 
0.5 10.5 -0.5 1 0.0197888 -0.958349 
0.5 10.5 6 1 0.0525307 -0.172357 
0.5 5.5 9.5 1 -0.298633 0.130676 
10.5 5.5 9.5 1 0.048082 -0.0052599 
0.5 6.5 -0.5 1 -0.326049 -0.795459 
0.5 8.5 -0.5 1 -0.170727 -0.868616 
0.5 8.5 4.5 1 -0.131344 -0.312737 
0.5 6.5 4.5 1 -0.278158 -0.29259 
0.5 2.5 2 1 -0.534864 -0.465111 
0.5 4.5 2 1 -0.427528 -0.496767 
0.5 4.5 4.5 1 -0.401893 -0.275609 
0.5 2.5 4.5 1 -0.507593 -0.261103 
