0 0 0 1 0.292022 -0.281878 
0 0 6.5 1 0.253277 0.0634902 
10 0 0 1 0.323707 -0.538395 
10 0 6.5 1 0.243604 0.174394 
10 10 0 1 -0.588869 -0.515862 
10 10 6.5 1 -0.617967 0.0471621 
0 10 0 1 -0.198753 -0.299841 
0 10 6.5 1 -0.222874 0.00611509 
0 5 10 1 -0.0153009 0.201928 
10 5 10 1 -0.262301 0.42074 
0 6 0 1 -0.0169816 -0.293188 
0 8 0 1 -0.110057 -0.296595 
0 8 5 1 -0.130595 -0.054563 
0 6 5 1 -0.0395805 -0.0453386 
0 2 2.5 1 0.169904 -0.154503 
0 4 2.5 1 0.0682762 -0.161531 
0 4 5 1 0.0559626 -0.0356553 
0 2 5 1 0.156381 -0.0254779 
0.5 0.5 -0.5 1 0.267508 -0.317008 
0.5 0.5 6 1 0.228531 0.0364788 
10.5 0.5 -0.5 1 0.27296 -0.625002 
10.5 0.5 6 1 0.19187 0.123231 
10.5 10.5 -0.5 1 -0.660738 -0.582195 
10.5 10.5 6 1 -0.688042 0.00269569 
0.5 10.5 -0.5 1 -0.229656 -0.331102 
0.5 10.5 6 1 -0.253574 -0.0187944 
0.5 5.5 9.5 1 -0.0434726 0.179605 
10.5 5.5 9.5 1 -0.325715 0.386051 
0.5 6.5 -0.5 1 -0.045813 -0.32589 
0.5 8.5 -0.5 1 -0.139992 -0.32856 
0.5 8.5 4.5 1 -0.160424 -0.0813607 
0.5 6.5 4.5 1 -0.068362 -0.0726185 
0.5 2.5 2 1 0.143713 -0.185738 
0.5 4.5 2 1 0.0406924 -0.192109 
0.5 4.5 4.5 1 0.028373 -0.0634327 
0.5 2.5 4.5 1 0.130145 -0.0537684 
