0 0 0 1 0.289754 -0.271995 
0 0 6.5 1 0.253231 0.0755453 
10 0 0 1 0.23479 -0.5687 
10 0 6.5 1 0.161692 0.138424 
10 10 0 1 -0.588004 -0.500941 
10 10 6.5 1 -0.633557 0.022099 
0 10 0 1 -0.184466 -0.277657 
0 10 6.5 1 -0.212784 0.0186334 
0 5 10 1 -0.0153832 0.21537 
10 5 10 1 -0.325052 0.389442 
0 6 0 1 -0.0127394 -0.275607 
0 8 0 1 -0.10123 -0.276663 
0 8 5 1 -0.124099 -0.0414892 
0 6 5 1 -0.0367569 -0.0330512 
0 2 2.5 1 0.168775 -0.143543 
0 4 2.5 1 0.0688528 -0.148959 
0 4 5 1 0.0562498 -0.0240659 
0 2 5 1 0.155491 -0.0144783 
0.5 0.5 -0.5 1 0.262926 -0.307138 
0.5 0.5 6 1 0.225956 0.0467192 
10.5 0.5 -0.5 1 0.177114 -0.652452 
10.5 0.5 6 1 0.10223 0.0813204 
10.5 10.5 -0.5 1 -0.652107 -0.560353 
10.5 10.5 6 1 -0.698176 -0.0228745 
0.5 10.5 -0.5 1 -0.214335 -0.30759 
0.5 10.5 6 1 -0.242893 -0.00672081 
0.5 5.5 9.5 1 -0.0446586 0.191206 
10.5 5.5 9.5 1 -0.38977 0.349015 
0.5 6.5 -0.5 1 -0.041794 -0.307427 
0.5 8.5 -0.5 1 -0.130745 -0.307511 
0.5 8.5 4.5 1 -0.153823 -0.0685852 
0.5 6.5 4.5 1 -0.0660479 -0.0608782 
0.5 2.5 2 1 0.140886 -0.175216 
0.5 4.5 2 1 0.0402487 -0.179674 
0.5 4.5 4.5 1 0.0275128 -0.0526632 
0.5 2.5 4.5 1 0.127451 -0.0438883 
