0 0 0 1 0.215956 -0.390762 
0 0 6.5 1 0.197692 -0.0861928 
10 0 0 1 0.70241 -0.52333 
10 0 6.5 1 0.627088 -0.0063603 
10 10 0 1 -0.0549377 -0.70558 
10 10 6.5 1 -0.0622934 0.0534592 
0 10 0 1 -0.262706 -0.447531 
0 10 6.5 1 -0.252363 -0.072676 
0 5 10 1 -0.00858919 0.0843192 
10 5 10 1 0.31736 0.297144 
0 6 0 1 -0.0466589 -0.421908 
0 8 0 1 -0.149853 -0.434147 
0 8 5 1 -0.147862 -0.154306 
0 6 5 1 -0.0497936 -0.154057 
0 2 2.5 1 0.129629 -0.274117 
0 4 2.5 1 0.0442446 -0.279162 
0 4 5 1 0.0406038 -0.153827 
0 2 5 1 0.124196 -0.153614 
0.5 0.5 -0.5 1 0.212019 -0.422846 
0.5 0.5 6 1 0.193358 -0.106003 
10.5 0.5 -0.5 1 0.726714 -0.588665 
10.5 0.5 6 1 0.644641 -0.0353127 
10.5 10.5 -0.5 1 -0.0923408 -0.823753 
10.5 10.5 6 1 -0.094976 0.0163178 
0.5 10.5 -0.5 1 -0.289237 -0.490029 
0.5 10.5 6 1 -0.276577 -0.0964206 
0.5 5.5 9.5 1 -0.0207262 0.0694267 
10.5 5.5 9.5 1 0.316905 0.284472 
0.5 6.5 -0.5 1 -0.0619321 -0.459563 
0.5 8.5 -0.5 1 -0.170284 -0.474086 
0.5 8.5 4.5 1 -0.167129 -0.18071 
0.5 6.5 4.5 1 -0.0644135 -0.179334 
0.5 2.5 2 1 0.122445 -0.302411 
0.5 4.5 2 1 0.0334807 -0.308826 
0.5 4.5 4.5 1 0.0299657 -0.17807 
0.5 2.5 4.5 1 0.116984 -0.176904 
