0 0 0 1 -0.441392 -0.432542 
0 0 6.5 1 -0.453259 -0.0950583 
10 0 0 1 -0.00529444 -0.332325 
10 0 6.5 1 -0.0265605 -0.0700209 
10 10 0 1 0.320482 -0.417939 
10 10 6.5 1 0.27564 -0.0248521 
0 10 0 1 -0.283898 -0.6367 
0 10 6.5 1 -0.313626 -0.0465887 
0 5 10 1 -0.410578 0.138716 
10 5 10 1 0.0798461 0.10919 
0 6 0 1 -0.368874 -0.526546 
0 8 0 1 -0.331977 -0.574375 
0 8 5 1 -0.35028 -0.174741 
0 6 5 1 -0.383792 -0.173435 
0 2 2.5 1 -0.427172 -0.312607 
0 4 2.5 1 -0.404419 -0.327925 
0 4 5 1 -0.410548 -0.172393 
0 2 5 1 -0.432404 -0.171541 
0.5 0.5 -0.5 1 -0.407643 -0.459088 
0.5 0.5 6 1 -0.420817 -0.117323 
10.5 0.5 -0.5 1 0.024433 -0.352165 
10.5 0.5 6 1 0.00218099 -0.0872748 
10.5 10.5 -0.5 1 0.369368 -0.448973 
10.5 10.5 6 1 0.321994 -0.0500531 
0.5 10.5 -0.5 1 -0.221245 -0.687444 
0.5 10.5 6 1 -0.255287 -0.0841569 
0.5 5.5 9.5 1 -0.369948 0.114058 
10.5 5.5 9.5 1 0.114623 0.0905351 
0.5 6.5 -0.5 1 -0.322178 -0.563791 
0.5 8.5 -0.5 1 -0.278458 -0.617353 
0.5 8.5 4.5 1 -0.299249 -0.209899 
0.5 6.5 4.5 1 -0.339006 -0.204582 
0.5 2.5 2 1 -0.390606 -0.339915 
0.5 4.5 2 1 -0.363782 -0.358254 
0.5 4.5 4.5 1 -0.370653 -0.20035 
0.5 2.5 4.5 1 -0.396441 -0.196901 
