0 0 0 1 -0.00788528 -0.0951644 
0 0 6.5 1 0.0161843 0.156489 
10 0 0 1 0.403324 -0.168985 
10 0 6.5 1 0.440566 0.13766 
10 10 0 1 0.310616 -0.296162 
10 10 6.5 1 0.372142 0.231292 
0 10 0 1 -0.287527 -0.149473 
0 10 6.5 1 -0.257345 0.233875 
0 5 10 1 -0.0770243 0.355455 
10 5 10 1 0.441464 0.388547 
0 6 0 1 -0.146954 -0.122173 
0 8 0 1 -0.210663 -0.134546 
0 8 5 1 -0.188511 0.131088 
0 6 5 1 -0.125775 0.120575 
0 2 2.5 1 -0.0378729 2.77479e-05 
0 4 2.5 1 -0.0832465 -0.000766962 
0 4 5 1 -0.0730653 0.111742 
0 2 5 1 -0.0281564 0.104216 
0.5 0.5 -0.5 1 -0.00192809 -0.119653 
0.5 0.5 6 1 0.0228594 0.138131 
10.5 0.5 -0.5 1 0.423496 -0.201337 
10.5 0.5 6 1 0.46232 0.114457 
10.5 10.5 -0.5 1 0.340829 -0.359713 
10.5 10.5 6 1 0.406885 0.195402 
0.5 10.5 -0.5 1 -0.28933 -0.189227 
0.5 10.5 6 1 -0.257981 0.208532 
0.5 5.5 9.5 1 -0.0717909 0.339236 
10.5 5.5 9.5 1 0.469711 0.368834 
0.5 6.5 -0.5 1 -0.143905 -0.154023 
0.5 8.5 -0.5 1 -0.209572 -0.169919 
0.5 8.5 4.5 1 -0.186604 0.104673 
0.5 6.5 4.5 1 -0.121984 0.0961848 
0.5 2.5 2 1 -0.0322543 -0.023844 
0.5 4.5 2 1 -0.0785229 -0.0266136 
0.5 4.5 4.5 1 -0.0680023 0.0890941 
0.5 2.5 4.5 1 -0.0222313 0.0830818 
