0 0 0 1 -0.580947 -0.46882 
0 0 6.5 1 -0.548261 -0.0668702 
10 0 0 1 -0.105855 -0.37738 
10 0 6.5 1 -0.106994 -0.0975778 
10 10 0 1 0.290511 -0.440103 
10 10 6.5 1 0.261031 -0.0500434 
0 10 0 1 -0.222644 -0.645173 
0 10 6.5 1 -0.211502 0.0321794 
0 5 10 1 -0.40694 0.206665 
10 5 10 1 0.0423157 0.0823759 
0 6 0 1 -0.413937 -0.55102 
0 8 0 1 -0.330302 -0.592184 
0 8 5 1 -0.313626 -0.122657 
0 6 5 1 -0.392797 -0.133049 
0 2 2.5 1 -0.522554 -0.314439 
0 4 2.5 1 -0.468552 -0.323276 
0 4 5 1 -0.457141 -0.141495 
0 2 5 1 -0.510465 -0.148495 
0.5 0.5 -0.5 1 -0.538706 -0.500818 
0.5 0.5 6 1 -0.508942 -0.094815 
10.5 0.5 -0.5 1 -0.0751395 -0.399197 
10.5 0.5 6 1 -0.077856 -0.117424 
10.5 10.5 -0.5 1 0.335575 -0.471122 
10.5 10.5 6 1 0.302785 -0.0772284 
0.5 10.5 -0.5 1 -0.146955 -0.701747 
0.5 10.5 6 1 -0.144722 -0.0128918 
0.5 5.5 9.5 1 -0.359648 0.174965 
10.5 5.5 9.5 1 0.075568 0.060692 
0.5 6.5 -0.5 1 -0.356432 -0.594306 
0.5 8.5 -0.5 1 -0.264939 -0.641233 
0.5 8.5 4.5 1 -0.253582 -0.164619 
0.5 6.5 4.5 1 -0.339449 -0.17071 
0.5 2.5 2 1 -0.47762 -0.347502 
0.5 4.5 2 1 -0.418948 -0.359607 
0.5 4.5 4.5 1 -0.409149 -0.175655 
0.5 2.5 4.5 1 -0.466857 -0.179749 
