0 0 0 1 0.276739 -0.284259 
0 0 6.5 1 0.318921 0.115283 
10 0 0 1 -0.375276 -0.268929 
10 0 6.5 1 -0.331113 0.203727 
10 10 0 1 -0.325004 -0.139588 
10 10 6.5 1 -0.298941 0.137263 
0 10 0 1 0.0784297 -0.161603 
0 10 6.5 1 0.10385 0.0884473 
0 5 10 1 0.20376 0.26585 
10 5 10 1 -0.292979 0.351675 
0 6 0 1 0.136832 -0.197725 
0 8 0 1 0.105271 -0.178204 
0 8 5 1 0.126492 0.0294594 
0 6 5 1 0.160058 0.0281906 
0 2 2.5 1 0.234433 -0.11256 
0 4 2.5 1 0.187272 -0.0974504 
0 4 5 1 0.200126 0.0266761 
0 2 5 1 0.248785 0.0248368 
0.5 0.5 -0.5 1 0.231118 -0.303877 
0.5 0.5 6 1 0.272024 0.0865698 
10.5 0.5 -0.5 1 -0.411877 -0.292407 
10.5 0.5 6 1 -0.369193 0.167573 
10.5 10.5 -0.5 1 -0.347484 -0.155514 
10.5 10.5 6 1 -0.321941 0.116939 
0.5 10.5 -0.5 1 0.0524101 -0.175713 
0.5 10.5 6 1 0.0773526 0.0707444 
0.5 5.5 9.5 1 0.169408 0.240977 
10.5 5.5 9.5 1 -0.322111 0.321817 
0.5 6.5 -0.5 1 0.10535 -0.21368 
0.5 8.5 -0.5 1 0.0767735 -0.193185 
0.5 8.5 4.5 1 0.0975633 0.0112605 
0.5 6.5 4.5 1 0.128063 0.00843256 
0.5 2.5 2 1 0.194325 -0.133599 
0.5 4.5 2 1 0.151821 -0.116767 
0.5 4.5 4.5 1 0.164362 0.00506686 
0.5 2.5 4.5 1 0.208289 0.000993904 
