0 0 0 1 -0.409166 -0.387254 
0 0 6.5 1 -0.408678 0.251885 
10 0 0 1 -0.252015 -0.121225 
10 0 6.5 1 -0.243668 0.205251 
10 10 0 1 0.228343 -0.139212 
10 10 6.5 1 0.25995 0.171344 
0 10 0 1 0.5004 -0.399033 
0 10 6.5 1 0.588143 0.181581 
0 5 10 1 0.143307 0.596273 
10 5 10 1 0.0260072 0.372956 
0 6 0 1 0.155066 -0.394561 
0 8 0 1 0.33061 -0.396834 
0 8 5 1 0.385339 0.0480906 
0 6 5 1 0.197651 0.0586364 
0 2 2.5 1 -0.20704 -0.163226 
0 4 2.5 1 -0.0123068 -0.169797 
0 4 5 1 0.00299957 0.0695734 
0 2 5 1 -0.199009 0.0809238 
0.5 0.5 -0.5 1 -0.347996 -0.405439 
0.5 0.5 6 1 -0.341483 0.192765 
10.5 0.5 -0.5 1 -0.224305 -0.138676 
10.5 0.5 6 1 -0.21483 0.17683 
10.5 10.5 -0.5 1 0.241325 -0.155411 
10.5 10.5 6 1 0.272619 0.145195 
0.5 10.5 -0.5 1 0.510077 -0.415199 
0.5 10.5 6 1 0.593779 0.131413 
0.5 5.5 9.5 1 0.176939 0.515501 
10.5 5.5 9.5 1 0.0465771 0.339229 
0.5 6.5 -0.5 1 0.183368 -0.411483 
0.5 8.5 -0.5 1 0.349302 -0.41337 
0.5 8.5 4.5 1 0.402274 0.00557114 
0.5 6.5 4.5 1 0.225533 0.0147878 
0.5 2.5 2 1 -0.156228 -0.194448 
0.5 4.5 2 1 0.0267879 -0.200126 
0.5 4.5 4.5 1 0.0426144 0.0243267 
0.5 2.5 4.5 1 -0.146811 0.0342048 
