0 0 0 1 -0.221961 -0.012059 
0 0 6.5 1 -0.245057 0.254184 
10 0 0 1 0.170839 0.0106941 
10 0 6.5 1 0.166586 0.271297 
10 10 0 1 0.3211 -0.0911132 
10 10 6.5 1 0.325654 0.335203 
0 10 0 1 -0.318297 -0.132623 
0 10 6.5 1 -0.365241 0.308986 
0 5 10 1 -0.308074 0.470447 
10 5 10 1 0.225084 0.485509 
0 6 0 1 -0.267934 -0.0695933 
0 8 0 1 -0.290245 -0.0975158 
0 8 5 1 -0.319929 0.197792 
0 6 5 1 -0.293365 0.195387 
0 2 2.5 1 -0.244305 0.0798077 
0 4 2.5 1 -0.26062 0.0707494 
0 4 5 1 -0.271945 0.193448 
0 2 5 1 -0.254309 0.191851 
0.5 0.5 -0.5 1 -0.202788 -0.0344418 
0.5 0.5 6 1 -0.225321 0.234921 
10.5 0.5 -0.5 1 0.195316 -0.0108084 
10.5 0.5 6 1 0.192154 0.25279 
10.5 10.5 -0.5 1 0.36468 -0.128672 
10.5 10.5 6 1 0.372816 0.305704 
0.5 10.5 -0.5 1 -0.288891 -0.172778 
0.5 10.5 6 1 -0.334663 0.277452 
0.5 5.5 9.5 1 -0.283595 0.449749 
10.5 5.5 9.5 1 0.259387 0.465796 
0.5 6.5 -0.5 1 -0.243668 -0.100121 
0.5 8.5 -0.5 1 -0.263645 -0.132217 
0.5 8.5 4.5 1 -0.292558 0.168063 
0.5 6.5 4.5 1 -0.268439 0.168862 
0.5 2.5 2 1 -0.22344 0.0565467 
0.5 4.5 2 1 -0.238039 0.0450774 
0.5 4.5 4.5 1 -0.249078 0.169504 
0.5 2.5 4.5 1 -0.233195 0.17003 
