0 0 0 1 0.341969 -0.632042 
0 0 6.5 1 0.339726 -0.141972 
10 0 0 1 -0.376007 -0.564975 
10 0 6.5 1 -0.327082 -0.1092 
10 10 0 1 -0.187723 -0.40653 
10 10 6.5 1 -0.166018 -0.135068 
0 10 0 1 0.2339 -0.438872 
0 10 6.5 1 0.237434 -0.155583 
0 5 10 1 0.276709 0.0265198 
10 5 10 1 -0.211872 0.0431889 
0 6 0 1 0.263912 -0.492518 
0 8 0 1 0.247518 -0.463215 
0 8 5 1 0.24999 -0.222494 
0 6 5 1 0.265939 -0.227068 
0 2 2.5 1 0.309371 -0.402125 
0 4 2.5 1 0.284699 -0.377038 
0 4 5 1 0.285339 -0.232631 
0 2 5 1 0.309447 -0.239545 
0.5 0.5 -0.5 1 0.295956 -0.651822 
0.5 0.5 6 1 0.297156 -0.175177 
10.5 0.5 -0.5 1 -0.397087 -0.58557 
10.5 0.5 6 1 -0.348104 -0.141398 
10.5 10.5 -0.5 1 -0.203853 -0.421819 
10.5 10.5 6 1 -0.181843 -0.154497 
0.5 10.5 -0.5 1 0.209059 -0.454141 
0.5 10.5 6 1 0.213628 -0.175364 
0.5 5.5 9.5 1 0.246997 -0.00148429 
10.5 5.5 9.5 1 -0.229926 0.0160482 
0.5 6.5 -0.5 1 0.233436 -0.509596 
0.5 8.5 -0.5 1 0.220144 -0.479358 
0.5 8.5 4.5 1 0.223589 -0.242875 
0.5 6.5 4.5 1 0.236666 -0.249294 
0.5 2.5 2 1 0.271035 -0.425421 
0.5 4.5 2 1 0.251118 -0.398443 
0.5 4.5 4.5 1 0.252504 -0.257069 
0.5 2.5 4.5 1 0.27208 -0.266678 
