0 0 0 1 -0.133985 -0.0316863 
0 0 6.5 1 -0.136693 0.221528 
10 0 0 1 0.255922 -0.0509659 
10 0 6.5 1 0.27409 0.216016 
10 10 0 1 0.324654 -0.209787 
10 10 6.5 1 0.361786 0.228861 
0 10 0 1 -0.299348 -0.165977 
0 10 6.5 1 -0.31755 0.236711 
0 5 10 1 -0.209732 0.411569 
10 5 10 1 0.321302 0.418886 
0 6 0 1 -0.214371 -0.096967 
0 8 0 1 -0.252404 -0.127854 
0 8 5 1 -0.261996 0.144546 
0 6 5 1 -0.221092 0.149834 
0 2 2.5 1 -0.158061 0.0517645 
0 4 2.5 1 -0.185214 0.0388409 
0 4 5 1 -0.187603 0.154164 
0 2 5 1 -0.159681 0.157774 
0.5 0.5 -0.5 1 -0.120293 -0.0557861 
0.5 0.5 6 1 -0.122341 0.200885 
10.5 0.5 -0.5 1 0.277669 -0.0767878 
10.5 0.5 6 1 0.29739 0.194033 
10.5 10.5 -0.5 1 0.362855 -0.257538 
10.5 10.5 6 1 0.404862 0.191462 
0.5 10.5 -0.5 1 -0.282092 -0.208394 
0.5 10.5 6 1 -0.299372 0.203034 
0.5 5.5 9.5 1 -0.19295 0.389472 
10.5 5.5 9.5 1 0.353147 0.395247 
0.5 6.5 -0.5 1 -0.198525 -0.129575 
0.5 8.5 -0.5 1 -0.235817 -0.164748 
0.5 8.5 4.5 1 -0.244712 0.112814 
0.5 6.5 4.5 1 -0.204591 0.121468 
0.5 2.5 2 1 -0.143415 0.0267878 
0.5 4.5 2 1 -0.169821 0.0113288 
0.5 4.5 4.5 1 -0.171901 0.12852 
0.5 2.5 4.5 1 -0.144754 0.134375 
