0 0 0 1 0.257141 -0.0259678 
0 0 6.5 1 0.270239 0.353861 
10 0 0 1 -0.227765 -0.175154 
10 0 6.5 1 -0.26815 0.448119 
10 10 0 1 -0.523549 -0.036519 
10 10 6.5 1 -0.569377 0.337625 
0 10 0 1 -0.0944765 0.0328217 
0 10 6.5 1 -0.104119 0.303105 
0 5 10 1 0.0492293 0.511169 
10 5 10 1 -0.487704 0.668893 
0 6 0 1 0.0193894 0.0137836 
0 8 0 1 -0.0409415 0.0238708 
0 8 5 1 -0.0464075 0.24164 
0 6 5 1 0.016345 0.245547 
0 2 2.5 1 0.168468 0.118736 
0 4 2.5 1 0.0879594 0.123182 
0 4 5 1 0.0880238 0.25001 
0 2 5 1 0.170679 0.255156 
0.5 0.5 -0.5 1 0.216941 -0.0534829 
0.5 0.5 6 1 0.226909 0.321802 
10.5 0.5 -0.5 1 -0.287664 -0.217919 
10.5 0.5 6 1 -0.335249 0.393103 
10.5 10.5 -0.5 1 -0.558628 -0.0636438 
10.5 10.5 6 1 -0.606786 0.30608 
0.5 10.5 -0.5 1 -0.121882 0.0127669 
0.5 10.5 6 1 -0.132944 0.280746 
0.5 5.5 9.5 1 0.0133807 0.482868 
10.5 5.5 9.5 1 -0.538088 0.624179 
0.5 6.5 -0.5 1 -0.0120337 -0.0087117 
0.5 8.5 -0.5 1 -0.0702209 0.0026656 
0.5 8.5 4.5 1 -0.076922 0.218479 
0.5 6.5 4.5 1 -0.0165055 0.220836 
0.5 2.5 2 1 0.13072 0.0917233 
0.5 4.5 2 1 0.0532472 0.0980108 
0.5 4.5 4.5 1 0.052458 0.223527 
0.5 2.5 4.5 1 0.13192 0.226627 
