0 0 0 1 -0.146737 -0.0279619 
0 0 6.5 1 -0.152741 0.226631 
10 0 0 1 0.242987 -0.0403001 
10 0 6.5 1 0.257811 0.225127 
10 10 0 1 0.324901 -0.193796 
10 10 6.5 1 0.357499 0.241424 
0 10 0 1 -0.301293 -0.164092 
0 10 6.5 1 -0.324319 0.242738 
0 5 10 1 -0.224359 0.418673 
10 5 10 1 0.307222 0.428033 
0 6 0 1 -0.221691 -0.0939804 
0 8 0 1 -0.257272 -0.125319 
0 8 5 1 -0.270186 0.149412 
0 6 5 1 -0.231479 0.154671 
0 2 2.5 1 -0.170562 0.0558746 
0 4 2.5 1 -0.196012 0.042837 
0 4 5 1 -0.199859 0.158967 
0 2 5 1 -0.173544 0.162543 
0.5 0.5 -0.5 1 -0.132218 -0.0518489 
0.5 0.5 6 1 -0.137565 0.206085 
10.5 0.5 -0.5 1 0.265122 -0.0654504 
10.5 0.5 6 1 0.281447 0.203607 
10.5 10.5 -0.5 1 0.363924 -0.239926 
10.5 10.5 6 1 0.401272 0.205044 
0.5 10.5 -0.5 1 -0.282198 -0.206297 
0.5 10.5 6 1 -0.304242 0.209059 
0.5 5.5 9.5 1 -0.206385 0.396564 
10.5 5.5 9.5 1 0.339475 0.404821 
0.5 6.5 -0.5 1 -0.20457 -0.126356 
0.5 8.5 -0.5 1 -0.239167 -0.161985 
0.5 8.5 4.5 1 -0.251358 0.117764 
0.5 6.5 4.5 1 -0.213688 0.12641 
0.5 2.5 2 1 -0.154971 0.0310706 
0.5 4.5 2 1 -0.179524 0.015498 
0.5 4.5 4.5 1 -0.183062 0.13344 
0.5 2.5 4.5 1 -0.157672 0.139267 
