0 0 0 1 0.286268 -0.444836 
0 0 6.5 1 0.25632 -0.0990789 
10 0 0 1 0.591636 -0.730065 
10 0 6.5 1 0.497205 -0.0163787 
10 10 0 1 -0.521529 -0.775515 
10 10 6.5 1 -0.4866 -0.0565509 
0 10 0 1 -0.244931 -0.466525 
0 10 6.5 1 -0.243515 -0.119489 
0 5 10 1 -0.000603361 0.0608171 
10 5 10 1 -0.00802311 0.28435 
0 6 0 1 -0.0324518 -0.457849 
0 8 0 1 -0.138691 -0.462187 
0 8 5 1 -0.142479 -0.191748 
0 6 5 1 -0.0411313 -0.18761 
0 2 2.5 1 0.170579 -0.311074 
0 4 2.5 1 0.0668424 -0.31531 
0 4 5 1 0.0602167 -0.183472 
0 2 5 1 0.161565 -0.179333 
0.5 0.5 -0.5 1 0.268904 -0.482147 
0.5 0.5 6 1 0.239114 -0.123744 
10.5 0.5 -0.5 1 0.575121 -0.830883 
10.5 0.5 6 1 0.476981 -0.0613467 
10.5 10.5 -0.5 1 -0.615294 -0.879486 
10.5 10.5 6 1 -0.56668 -0.103963 
0.5 10.5 -0.5 1 -0.279269 -0.504529 
0.5 10.5 6 1 -0.275723 -0.144766 
0.5 5.5 9.5 1 -0.0247306 0.0415813 
10.5 5.5 9.5 1 -0.0558138 0.25934 
0.5 6.5 -0.5 1 -0.0600003 -0.495576 
0.5 8.5 -0.5 1 -0.169635 -0.500053 
0.5 8.5 4.5 1 -0.17207 -0.219585 
0.5 6.5 4.5 1 -0.067637 -0.215321 
0.5 2.5 2 1 0.15003 -0.343308 
0.5 4.5 2 1 0.0430592 -0.347676 
0.5 4.5 4.5 1 0.036796 -0.211056 
0.5 2.5 4.5 1 0.141229 -0.206792 
