0 0 0 1 -0.297042 -0.12255 
0 0 6.5 1 -0.329651 0.15397 
10 0 0 1 0.099623 -0.0693495 
10 0 6.5 1 0.0795513 0.1816 
10 10 0 1 0.313042 -0.150901 
10 10 6.5 1 0.288885 0.249372 
0 10 0 1 -0.319037 -0.255154 
0 10 6.5 1 -0.376101 0.214382 
0 5 10 1 -0.37024 0.373312 
10 5 10 1 0.147259 0.381265 
0 6 0 1 -0.307389 -0.18493 
0 8 0 1 -0.312508 -0.215792 
0 8 5 1 -0.35034 0.0982881 
0 6 5 1 -0.34089 0.0951541 
0 2 2.5 1 -0.31336 -0.0257718 
0 4 2.5 1 -0.318119 -0.0352179 
0 4 5 1 -0.333327 0.0926456 
0 2 5 1 -0.327136 0.0905923 
0.5 0.5 -0.5 1 -0.273022 -0.144557 
0.5 0.5 6 1 -0.305441 0.135174 
10.5 0.5 -0.5 1 0.126133 -0.088602 
10.5 0.5 6 1 0.106447 0.164992 
10.5 10.5 -0.5 1 0.359482 -0.18321 
10.5 10.5 6 1 0.336641 0.223834 
0.5 10.5 -0.5 1 -0.278601 -0.295681 
0.5 10.5 6 1 -0.335162 0.183179 
0.5 5.5 9.5 1 -0.339665 0.352908 
10.5 5.5 9.5 1 0.182107 0.363502 
0.5 6.5 -0.5 1 -0.275634 -0.215301 
0.5 8.5 -0.5 1 -0.276934 -0.250529 
0.5 8.5 4.5 1 -0.314456 0.0689525 
0.5 6.5 4.5 1 -0.308884 0.0690727 
0.5 2.5 2 1 -0.28713 -0.048598 
0.5 4.5 2 1 -0.289337 -0.0604845 
0.5 4.5 4.5 1 -0.304443 0.0691686 
0.5 2.5 4.5 1 -0.30082 0.0692468 
