0 0 0 1 0.403322 -0.590227 
0 0 6.5 1 0.353539 -0.0503415 
10 0 0 1 -0.300366 -0.518987 
10 0 6.5 1 -0.286592 -0.0932281 
10 10 0 1 -0.0470383 -0.39426 
10 10 6.5 1 -0.0505639 -0.127299 
0 10 0 1 0.389414 -0.414825 
0 10 6.5 1 0.360914 -0.107128 
0 5 10 1 0.340708 0.102886 
10 5 10 1 -0.142059 0.0470485 
0 6 0 1 0.393213 -0.462735 
0 8 0 1 0.391131 -0.43649 
0 8 5 1 0.366818 -0.173835 
0 6 5 1 0.366354 -0.172394 
0 2 2.5 1 0.381488 -0.346151 
0 4 2.5 1 0.380337 -0.328042 
0 4 5 1 0.365787 -0.170633 
0 2 5 1 0.365079 -0.16843 
0.5 0.5 -0.5 1 0.363122 -0.614917 
0.5 0.5 6 1 0.318949 -0.0936817 
10.5 0.5 -0.5 1 -0.308415 -0.540875 
10.5 0.5 6 1 -0.294477 -0.126777 
10.5 10.5 -0.5 1 -0.0574963 -0.410718 
10.5 10.5 6 1 -0.0604507 -0.148369 
0.5 10.5 -0.5 1 0.366665 -0.433301 
0.5 10.5 6 1 0.34007 -0.131716 
0.5 5.5 9.5 1 0.316107 0.067331 
10.5 5.5 9.5 1 -0.151514 0.0181141 
0.5 6.5 -0.5 1 0.365684 -0.483589 
0.5 8.5 -0.5 1 0.36622 -0.456106 
0.5 8.5 4.5 1 0.343683 -0.199244 
0.5 6.5 4.5 1 0.34098 -0.200318 
0.5 2.5 2 1 0.348405 -0.375719 
0.5 4.5 2 1 0.350963 -0.354906 
0.5 4.5 4.5 1 0.337694 -0.201624 
0.5 2.5 4.5 1 0.333613 -0.203245 
