0 0 0 1 0.0254601 -0.214584 
0 0 6.5 1 0.0507892 0.0411298 
10 0 0 1 0.450537 -0.314087 
10 0 6.5 1 0.480707 0.0170838 
10 10 0 1 0.272306 -0.477104 
10 10 6.5 1 0.325861 0.0921582 
0 10 0 1 -0.29628 -0.275132 
0 10 6.5 1 -0.256688 0.102553 
0 5 10 1 -0.0569207 0.228745 
10 5 10 1 0.444194 0.26758 
0 6 0 1 -0.136562 -0.245075 
0 8 0 1 -0.209444 -0.258791 
0 8 5 1 -0.182014 0.00682172 
0 6 5 1 -0.111652 -0.000769951 
0 2 2.5 1 -0.0105352 -0.117873 
0 4 2.5 1 -0.0630938 -0.120084 
0 4 5 1 -0.0517133 -0.00723707 
0 2 5 1 -4.07915e-05 -0.0128123 
0.5 0.5 -0.5 1 0.0291444 -0.240974 
0.5 0.5 6 1 0.0551798 0.0221765 
10.5 0.5 -0.5 1 0.471288 -0.352273 
10.5 0.5 6 1 0.502452 -0.00852061 
10.5 10.5 -0.5 1 0.297193 -0.555478 
10.5 10.5 6 1 0.353988 0.0520034 
0.5 10.5 -0.5 1 -0.304612 -0.317307 
0.5 10.5 6 1 -0.263267 0.0768317 
0.5 5.5 9.5 1 -0.0553536 0.212506 
10.5 5.5 9.5 1 0.470084 0.246918 
0.5 6.5 -0.5 1 -0.137774 -0.27915 
0.5 8.5 -0.5 1 -0.21362 -0.296496 
0.5 8.5 4.5 1 -0.1851 -0.0203451 
0.5 6.5 4.5 1 -0.111969 -0.0259574 
0.5 2.5 2 1 -0.00770138 -0.14312 
0.5 4.5 2 1 -0.0617808 -0.147339 
0.5 4.5 4.5 1 -0.0500276 -0.0307109 
0.5 2.5 4.5 1 0.00310903 -0.0347887 
