0 0 0 1 -0.255683 -0.0352064 
0 0 6.5 1 -0.284417 0.235556 
10 0 0 1 0.138652 0.000356339 
10 0 6.5 1 0.126667 0.257367 
10 10 0 1 0.316109 -0.083892 
10 10 6.5 1 0.307603 0.333721 
0 10 0 1 -0.323541 -0.151062 
0 10 6.5 1 -0.377425 0.304131 
0 5 10 1 -0.340603 0.458532 
10 5 10 1 0.188308 0.470484 
0 6 0 1 -0.287846 -0.09012 
0 8 0 1 -0.303599 -0.117016 
0 8 5 1 -0.338464 0.186867 
0 6 5 1 -0.31825 0.181644 
0 2 2.5 1 -0.276423 0.059975 
0 4 2.5 1 -0.288309 0.0523185 
0 4 5 1 -0.302021 0.177451 
0 2 5 1 -0.288704 0.17401 
0.5 0.5 -0.5 1 -0.23446 -0.0571303 
0.5 0.5 6 1 -0.262746 0.216764 
10.5 0.5 -0.5 1 0.164056 -0.0198913 
10.5 0.5 6 1 0.152892 0.239945 
10.5 10.5 -0.5 1 0.361172 -0.118553 
10.5 10.5 6 1 0.355381 0.306574 
0.5 10.5 -0.5 1 -0.289506 -0.190697 
0.5 10.5 6 1 -0.34235 0.273403 
0.5 5.5 9.5 1 -0.313439 0.438363 
10.5 5.5 9.5 1 0.223036 0.451995 
0.5 6.5 -0.5 1 -0.26042 -0.12012 
0.5 8.5 -0.5 1 -0.27322 -0.15118 
0.5 8.5 4.5 1 -0.307423 0.157829 
0.5 6.5 4.5 1 -0.290272 0.155741 
0.5 2.5 2 1 -0.253269 0.0372241 
0.5 4.5 2 1 -0.263082 0.0271946 
0.5 4.5 4.5 1 -0.276561 0.154071 
0.5 2.5 4.5 1 -0.265351 0.152706 
