0 0 0 1 0.40362 -0.531918 
0 0 6.5 1 0.345978 0.0117268 
10 0 0 1 -0.281918 -0.469578 
10 0 6.5 1 -0.278369 -0.0566701 
10 10 0 1 -0.0149602 -0.357862 
10 10 6.5 1 -0.0247575 -0.0943281 
0 10 0 1 0.422616 -0.372054 
0 10 6.5 1 0.387694 -0.0608047 
0 5 10 1 0.351153 0.157906 
10 5 10 1 -0.127767 0.0795228 
0 6 0 1 0.417418 -0.415793 
0 8 0 1 0.420265 -0.391839 
0 8 5 1 0.390699 -0.126479 
0 6 5 1 0.385036 -0.122682 
0 2 2.5 1 0.388809 -0.291587 
0 4 2.5 1 0.395497 -0.277043 
0 4 5 1 0.378114 -0.118041 
0 2 5 1 0.36946 -0.112239 
0.5 0.5 -0.5 1 0.366255 -0.558356 
0.5 0.5 6 1 0.314251 -0.0349022 
10.5 0.5 -0.5 1 -0.286696 -0.49178 
10.5 0.5 6 1 -0.282938 -0.090613 
10.5 10.5 -0.5 1 -0.02392 -0.374581 
10.5 10.5 6 1 -0.0331129 -0.115864 
0.5 10.5 -0.5 1 0.400584 -0.391467 
0.5 10.5 6 1 0.367675 -0.0869131 
0.5 5.5 9.5 1 0.328048 0.119801 
10.5 5.5 9.5 1 -0.135017 0.0499709 
0.5 6.5 -0.5 1 0.391055 -0.437792 
0.5 8.5 -0.5 1 0.39626 -0.412486 
0.5 8.5 4.5 1 0.368561 -0.153452 
0.5 6.5 4.5 1 0.360919 -0.152387 
0.5 2.5 2 1 0.35781 -0.323124 
0.5 4.5 2 1 0.367695 -0.305592 
0.5 4.5 4.5 1 0.351633 -0.151093 
0.5 2.5 4.5 1 0.340111 -0.149488 
