0 0 0 1 -0.562288 -0.45772 
0 0 6.5 1 -0.536294 -0.0660026 
10 0 0 1 -0.0922849 -0.367852 
10 0 6.5 1 -0.0967233 -0.0909217 
10 10 0 1 0.294456 -0.428011 
10 10 6.5 1 0.261802 -0.0383278 
0 10 0 1 -0.236115 -0.627015 
0 10 6.5 1 -0.230082 0.0366259 
0 5 10 1 -0.410112 0.204802 
10 5 10 1 0.0460982 0.0905067 
0 6 0 1 -0.410694 -0.536402 
0 8 0 1 -0.334491 -0.575954 
0 8 5 1 -0.322557 -0.117187 
0 6 5 1 -0.394652 -0.128482 
0 2 2.5 1 -0.510918 -0.307164 
0 4 2.5 1 -0.461965 -0.315213 
0 4 5 1 -0.453073 -0.137635 
0 2 5 1 -0.501373 -0.145202 
0.5 0.5 -0.5 1 -0.521366 -0.488757 
0.5 0.5 6 1 -0.498051 -0.0928296 
10.5 0.5 -0.5 1 -0.0616605 -0.389296 
10.5 0.5 6 1 -0.0676272 -0.110256 
10.5 10.5 -0.5 1 0.340248 -0.458878 
10.5 10.5 6 1 0.30427 -0.0650083 
0.5 10.5 -0.5 1 -0.161914 -0.68252 
0.5 10.5 6 1 -0.16426 -0.00677223 
0.5 5.5 9.5 1 -0.363782 0.174568 
10.5 5.5 9.5 1 0.0795816 0.0694423 
0.5 6.5 -0.5 1 -0.354676 -0.578611 
0.5 8.5 -0.5 1 -0.270642 -0.62391 
0.5 8.5 4.5 1 -0.263668 -0.157715 
0.5 6.5 4.5 1 -0.342487 -0.164813 
0.5 2.5 2 1 -0.467246 -0.339144 
0.5 4.5 2 1 -0.413663 -0.3504 
0.5 4.5 4.5 1 -0.406261 -0.170557 
0.5 2.5 4.5 1 -0.458922 -0.1753 
