0 0 0 1 -0.397748 -0.394955 
0 0 6.5 1 -0.419541 -0.0776391 
10 0 0 1 0.0244466 -0.298681 
10 0 6.5 1 7.74394e-05 -0.0423328 
10 10 0 1 0.324677 -0.396298 
10 10 6.5 1 0.280528 -0.00509172 
0 10 0 1 -0.289649 -0.604604 
0 10 6.5 1 -0.330795 -0.0511105 
0 5 10 1 -0.401737 0.14121 
10 5 10 1 0.0949628 0.134415 
0 6 0 1 -0.347813 -0.4918 
0 8 0 1 -0.322512 -0.540869 
0 8 5 1 -0.349612 -0.167759 
0 6 5 1 -0.37135 -0.16174 
0 2 2.5 1 -0.393598 -0.286004 
0 4 2.5 1 -0.378382 -0.303552 
0 4 5 1 -0.388683 -0.15694 
0 2 5 1 -0.402827 -0.153024 
0.5 0.5 -0.5 1 -0.366524 -0.420183 
0.5 0.5 6 1 -0.389171 -0.0988639 
10.5 0.5 -0.5 1 0.0535189 -0.318186 
10.5 0.5 6 1 0.0284687 -0.0592289 
10.5 10.5 -0.5 1 0.373567 -0.427644 
10.5 10.5 6 1 0.327628 -0.0303331 
0.5 10.5 -0.5 1 -0.232483 -0.653221 
0.5 10.5 6 1 -0.276367 -0.0874492 
0.5 5.5 9.5 1 -0.363459 0.117661 
10.5 5.5 9.5 1 0.129914 0.116113 
0.5 6.5 -0.5 1 -0.304887 -0.527342 
0.5 8.5 -0.5 1 -0.273473 -0.581958 
0.5 8.5 4.5 1 -0.302158 -0.201618 
0.5 6.5 4.5 1 -0.32965 -0.191635 
0.5 2.5 2 1 -0.359653 -0.312056 
0.5 4.5 2 1 -0.340714 -0.332541 
0.5 4.5 4.5 1 -0.351497 -0.183702 
0.5 2.5 4.5 1 -0.369275 -0.177246 
