0 0 0 1 0.262352 -0.405518 
0 0 6.5 1 0.230699 -0.0882301 
10 0 0 1 0.722823 -0.611336 
10 0 6.5 1 0.628246 -0.0233443 
10 10 0 1 -0.208669 -0.831706 
10 10 6.5 1 -0.23239 -0.0558832 
0 10 0 1 -0.239314 -0.478254 
0 10 6.5 1 -0.249449 -0.113285 
0 5 10 1 -0.00502857 0.0696076 
10 5 10 1 0.218528 0.274198 
0 6 0 1 -0.0220418 -0.446752 
0 8 0 1 -0.127596 -0.462057 
0 8 5 1 -0.139639 -0.186304 
0 6 5 1 -0.0377826 -0.178899 
0 2 2.5 1 0.161319 -0.289546 
0 4 2.5 1 0.0681471 -0.299614 
0 4 5 1 0.0588082 -0.171877 
0 2 5 1 0.150531 -0.165209 
0.5 0.5 -0.5 1 0.255075 -0.440937 
0.5 0.5 6 1 0.222723 -0.11157 
10.5 0.5 -0.5 1 0.73939 -0.693349 
10.5 0.5 6 1 0.637637 -0.0625565 
10.5 10.5 -0.5 1 -0.269474 -0.961316 
10.5 10.5 6 1 -0.288213 -0.109527 
0.5 10.5 -0.5 1 -0.267602 -0.521935 
0.5 10.5 6 1 -0.276602 -0.140919 
0.5 5.5 9.5 1 -0.0213586 0.0507416 
10.5 5.5 9.5 1 0.201888 0.251472 
0.5 6.5 -0.5 1 -0.0405825 -0.486754 
0.5 8.5 -0.5 1 -0.150748 -0.503826 
0.5 8.5 4.5 1 -0.162297 -0.216191 
0.5 6.5 4.5 1 -0.0561579 -0.207699 
0.5 2.5 2 1 0.15048 -0.321205 
0.5 4.5 2 1 0.0536907 -0.332496 
0.5 4.5 4.5 1 0.0443026 -0.199661 
0.5 2.5 4.5 1 0.139528 -0.192042 
