0 0 0 1 0.367146 -0.523464 
0 0 6.5 1 0.298334 0.0693558 
10 0 0 1 -0.234567 -0.407719 
10 0 6.5 1 -0.262663 -0.0232781 
10 10 0 1 0.0842591 -0.278169 
10 10 6.5 1 0.0588947 -0.0175004 
0 10 0 1 0.532314 -0.303581 
0 10 6.5 1 0.487786 0.0386331 
0 5 10 1 0.389952 0.272419 
10 5 10 1 -0.0858973 0.141637 
0 6 0 1 0.486492 -0.364583 
0 8 0 1 0.511526 -0.331255 
0 8 5 1 0.47439 -0.0418685 
0 6 5 1 0.446237 -0.0455499 
0 2 2.5 1 0.392653 -0.253312 
0 4 2.5 1 0.433514 -0.225431 
0 4 5 1 0.411844 -0.050047 
0 2 5 1 0.36888 -0.055665 
0.5 0.5 -0.5 1 0.341842 -0.541911 
0.5 0.5 6 1 0.277853 0.0189551 
10.5 0.5 -0.5 1 -0.228457 -0.424223 
10.5 0.5 6 1 -0.255685 -0.0534737 
10.5 10.5 -0.5 1 0.0801784 -0.292865 
10.5 10.5 6 1 0.0555366 -0.0385599 
0.5 10.5 -0.5 1 0.51177 -0.321934 
0.5 10.5 6 1 0.469217 0.00939482 
0.5 5.5 9.5 1 0.371103 0.226948 
10.5 5.5 9.5 1 -0.085512 0.112312 
0.5 6.5 -0.5 1 0.463781 -0.384057 
0.5 8.5 -0.5 1 0.489917 -0.350223 
0.5 8.5 4.5 1 0.454569 -0.0709273 
0.5 6.5 4.5 1 0.425634 -0.0772462 
0.5 2.5 2 1 0.369476 -0.28273 
0.5 4.5 2 1 0.411007 -0.252933 
0.5 4.5 4.5 1 0.390568 -0.084904 
0.5 2.5 4.5 1 0.347192 -0.0943766 
