0 0 0 1 0.12015 -0.419726 
0 0 6.5 1 0.129388 -0.132609 
10 0 0 1 0.59973 -0.570362 
10 0 6.5 1 0.581259 -0.136582 
10 10 0 1 0.147462 -0.79987 
10 10 6.5 1 0.166535 -0.0741536 
0 10 0 1 -0.300618 -0.487132 
0 10 6.5 1 -0.262431 -0.0959278 
0 5 10 1 -0.0276175 0.0474341 
10 5 10 1 0.418494 0.144031 
0 6 0 1 -0.0996985 -0.454945 
0 8 0 1 -0.193221 -0.469927 
0 8 5 1 -0.170179 -0.185597 
0 6 5 1 -0.0819921 -0.188837 
0 2 2.5 1 0.0603408 -0.30995 
0 4 2.5 1 -0.0106692 -0.314229 
0 4 5 1 -0.00408468 -0.1917 
0 2 5 1 0.0652417 -0.194248 
0.5 0.5 -0.5 1 0.119933 -0.451387 
0.5 0.5 6 1 0.129491 -0.153134 
10.5 0.5 -0.5 1 0.6254 -0.627207 
10.5 0.5 6 1 0.604193 -0.167564 
10.5 10.5 -0.5 1 0.149478 -0.921556 
10.5 10.5 6 1 0.169917 -0.12057 
0.5 10.5 -0.5 1 -0.32153 -0.534412 
0.5 10.5 6 1 -0.280255 -0.122246 
0.5 5.5 9.5 1 -0.0334187 0.0312037 
10.5 5.5 9.5 1 0.436077 0.123932 
0.5 6.5 -0.5 1 -0.109278 -0.494494 
0.5 8.5 -0.5 1 -0.207743 -0.513012 
0.5 8.5 4.5 1 -0.183027 -0.214356 
0.5 6.5 4.5 1 -0.0904371 -0.215876 
0.5 2.5 2 1 0.0579253 -0.33881 
0.5 4.5 2 1 -0.0159953 -0.345039 
0.5 4.5 4.5 1 -0.00905109 -0.217213 
0.5 2.5 4.5 1 0.0630488 -0.218396 
