0 0 0 1 -0.359107 -0.398406 
0 0 6.5 1 -0.366111 0.244115 
10 0 0 1 -0.250641 -0.118149 
10 0 6.5 1 -0.247749 0.211193 
10 10 0 1 0.225535 -0.123261 
10 10 6.5 1 0.254027 0.183403 
0 10 0 1 0.524759 -0.374679 
0 10 6.5 1 0.610376 0.186598 
0 5 10 1 0.185172 0.594562 
10 5 10 1 0.0216983 0.383038 
0 6 0 1 0.197491 -0.383465 
0 8 0 1 0.365081 -0.378966 
0 8 5 1 0.418308 0.0533566 
0 6 5 1 0.238381 0.060079 
0 2 2.5 1 -0.158225 -0.168977 
0 4 2.5 1 0.0344131 -0.169728 
0 4 5 1 0.0485407 0.0671718 
0 2 5 1 -0.152056 0.0746665 
0.5 0.5 -0.5 1 -0.301558 -0.413119 
0.5 0.5 6 1 -0.301687 0.186127 
10.5 0.5 -0.5 1 -0.223472 -0.134617 
10.5 0.5 6 1 -0.219147 0.183044 
10.5 10.5 -0.5 1 0.237202 -0.138549 
10.5 10.5 6 1 0.265437 0.157958 
0.5 10.5 -0.5 1 0.530109 -0.388973 
0.5 10.5 6 1 0.611384 0.139004 
0.5 5.5 9.5 1 0.21359 0.514661 
10.5 5.5 9.5 1 0.0414023 0.349446 
0.5 6.5 -0.5 1 0.220828 -0.397952 
0.5 8.5 -0.5 1 0.379009 -0.39336 
0.5 8.5 4.5 1 0.430256 0.0132558 
0.5 6.5 4.5 1 0.261136 0.0185733 
0.5 2.5 2 1 -0.111764 -0.197446 
0.5 4.5 2 1 0.0686181 -0.197444 
0.5 4.5 4.5 1 0.0832563 0.0241663 
0.5 2.5 4.5 1 -0.104082 0.0300567 
