0 0 0 1 -0.200932 -0.0111491 
0 0 6.5 1 -0.219781 0.251792 
10 0 0 1 0.190754 0.00300884 
10 0 6.5 1 0.191622 0.264994 
10 10 0 1 0.323456 -0.113671 
10 10 6.5 1 0.336032 0.315382 
0 10 0 1 -0.313282 -0.137887 
0 10 6.5 1 -0.354507 0.293713 
0 5 10 1 -0.285621 0.461078 
10 5 10 1 0.248128 0.476471 
0 6 0 1 -0.254792 -0.0719058 
0 8 0 1 -0.280769 -0.10121 
0 8 5 1 -0.306369 0.188055 
0 6 5 1 -0.276379 0.188297 
0 2 2.5 1 -0.223817 0.0781126 
0 4 2.5 1 -0.242631 0.0676337 
0 4 5 1 -0.252117 0.188493 
0 2 5 1 -0.232085 0.188654 
0.5 0.5 -0.5 1 -0.183023 -0.0339326 
0.5 0.5 6 1 -0.201263 0.232142 
10.5 0.5 -0.5 1 0.214609 -0.0194163 
10.5 0.5 6 1 0.216704 0.245684 
10.5 10.5 -0.5 1 0.365906 -0.153372 
10.5 10.5 6 1 0.382482 0.284065 
0.5 10.5 -0.5 1 -0.286695 -0.17861 
0.5 10.5 6 1 -0.326752 0.261449 
0.5 5.5 9.5 1 -0.262862 0.439901 
10.5 5.5 9.5 1 0.281987 0.455797 
0.5 6.5 -0.5 1 -0.232468 -0.102934 
0.5 8.5 -0.5 1 -0.256483 -0.136448 
0.5 8.5 4.5 1 -0.281294 0.157716 
0.5 6.5 4.5 1 -0.253367 0.161235 
0.5 2.5 2 1 -0.204375 0.0544153 
0.5 4.5 2 1 -0.221694 0.0414845 
0.5 4.5 4.5 1 -0.230877 0.164069 
0.5 2.5 4.5 1 -0.212376 0.1664 
