0 0 0 1 -0.0174258 -0.0750347 
0 0 6.5 1 0.00551483 0.17654 
10 0 0 1 0.391108 -0.144388 
10 0 6.5 1 0.428797 0.15776 
10 10 0 1 0.316533 -0.270566 
10 10 6.5 1 0.378813 0.248735 
0 10 0 1 -0.287231 -0.132374 
0 10 6.5 1 -0.260288 0.253558 
0 5 10 1 -0.084993 0.377134 
10 5 10 1 0.437053 0.406687 
0 6 0 1 -0.151222 -0.103469 
0 8 0 1 -0.212767 -0.116549 
0 8 5 1 -0.192585 0.149941 
0 6 5 1 -0.131619 0.139705 
0 2 2.5 1 -0.04638 0.0195146 
0 4 2.5 1 -0.0901167 0.0183301 
0 4 5 1 -0.0805615 0.131133 
0 2 5 1 -0.0371787 0.12385 
0.5 0.5 -0.5 1 -0.0108618 -0.0993525 
0.5 0.5 6 1 0.0127935 0.158063 
10.5 0.5 -0.5 1 0.411247 -0.175857 
10.5 0.5 6 1 0.450597 0.134752 
10.5 10.5 -0.5 1 0.347756 -0.331994 
10.5 10.5 6 1 0.41482 0.212811 
0.5 10.5 -0.5 1 -0.28739 -0.17213 
0.5 10.5 6 1 -0.25939 0.227724 
0.5 5.5 9.5 1 -0.0788163 0.360546 
10.5 5.5 9.5 1 0.465771 0.386652 
0.5 6.5 -0.5 1 -0.14709 -0.135205 
0.5 8.5 -0.5 1 -0.210347 -0.151854 
0.5 8.5 4.5 1 -0.189401 0.123228 
0.5 6.5 4.5 1 -0.126776 0.115103 
0.5 2.5 2 1 -0.0400343 -0.00433547 
0.5 4.5 2 1 -0.0845149 -0.00753102 
0.5 4.5 4.5 1 -0.0746278 0.108338 
0.5 2.5 4.5 1 -0.03053 0.102617 
