0 0 0 1 0.290117 -0.401685 
0 0 6.5 1 0.256807 -0.0576005 
10 0 0 1 0.54722 -0.660321 
10 0 6.5 1 0.453232 0.0500326 
10 10 0 1 -0.540972 -0.693444 
10 10 6.5 1 -0.517765 -0.0111174 
0 10 0 1 -0.234992 -0.424099 
0 10 6.5 1 -0.239414 -0.0866747 
0 5 10 1 -0.00333688 0.0963014 
10 5 10 1 -0.0581038 0.335633 
0 6 0 1 -0.0280196 -0.415265 
0 8 0 1 -0.132008 -0.419703 
0 8 5 1 -0.139784 -0.15586 
0 6 5 1 -0.0402111 -0.150377 
0 2 2.5 1 0.172158 -0.269856 
0 4 2.5 1 0.0684612 -0.274938 
0 4 5 1 0.0602961 -0.144841 
0 2 5 1 0.161751 -0.139254 
0.5 0.5 -0.5 1 0.271488 -0.438057 
0.5 0.5 6 1 0.238276 -0.0820722 
10.5 0.5 -0.5 1 0.523663 -0.756515 
10.5 0.5 6 1 0.426895 0.00639212 
10.5 10.5 -0.5 1 -0.631336 -0.786657 
10.5 10.5 6 1 -0.596929 -0.0561215 
0.5 10.5 -0.5 1 -0.268692 -0.460231 
0.5 10.5 6 1 -0.271382 -0.111385 
0.5 5.5 9.5 1 -0.0282596 0.0770514 
10.5 5.5 9.5 1 -0.109831 0.310819 
0.5 6.5 -0.5 1 -0.0558739 -0.451495 
0.5 8.5 -0.5 1 -0.162814 -0.455885 
0.5 8.5 4.5 1 -0.169484 -0.182976 
0.5 6.5 4.5 1 -0.0672075 -0.177466 
0.5 2.5 2 1 0.150557 -0.301345 
0.5 4.5 2 1 0.0439221 -0.306421 
0.5 4.5 4.5 1 0.0360564 -0.171902 
0.5 2.5 4.5 1 0.140322 -0.166285 
