0 0 0 1 0.0508728 -0.317234 
0 0 6.5 1 0.0738119 -0.0525773 
10 0 0 1 0.492188 -0.442906 
10 0 6.5 1 0.511333 -0.0822578 
10 10 0 1 0.23497 -0.652138 
10 10 6.5 1 0.279081 -0.0316055 
0 10 0 1 -0.305773 -0.389919 
0 10 6.5 1 -0.262674 -0.00784394 
0 5 10 1 -0.048514 0.128182 
10 5 10 1 0.439059 0.169665 
0 6 0 1 -0.130557 -0.35421 
0 8 0 1 -0.210952 -0.370594 
0 8 5 1 -0.182195 -0.0990021 
0 6 5 1 -0.105456 -0.103198 
0 2 2.5 1 0.00833108 -0.218046 
0 4 2.5 1 -0.0503561 -0.222449 
0 4 5 1 -0.0393775 -0.106811 
0 2 5 1 0.0181174 -0.109955 
0.5 0.5 -0.5 1 0.0530582 -0.346006 
0.5 0.5 6 1 0.076654 -0.0726691 
10.5 0.5 -0.5 1 0.514133 -0.487862 
10.5 0.5 6 1 0.533464 -0.110913 
10.5 10.5 -0.5 1 0.254414 -0.748302 
10.5 10.5 6 1 0.300789 -0.0779162 
0.5 10.5 -0.5 1 -0.318916 -0.435523 
0.5 10.5 6 1 -0.273509 -0.0350919 
0.5 5.5 9.5 1 -0.0495646 0.111139 
10.5 5.5 9.5 1 0.462907 0.147029 
0.5 6.5 -0.5 1 -0.134859 -0.391229 
0.5 8.5 -0.5 1 -0.218993 -0.411476 
0.5 8.5 4.5 1 -0.188886 -0.127875 
0.5 6.5 4.5 1 -0.108723 -0.129993 
0.5 2.5 2 1 0.00923946 -0.245241 
0.5 4.5 2 1 -0.0514627 -0.251772 
0.5 4.5 4.5 1 -0.0400883 -0.131807 
0.5 2.5 4.5 1 0.0193389 -0.133377 
