0 0 0 1 -0.0849689 -0.0357005 
0 0 6.5 1 -0.0751476 0.215648 
10 0 0 1 0.309566 -0.0798577 
10 0 6.5 1 0.339537 0.198164 
10 10 0 1 0.325089 -0.236702 
10 10 6.5 1 0.377952 0.228703 
0 10 0 1 -0.293981 -0.143523 
0 10 6.5 1 -0.292733 0.251684 
0 5 10 1 -0.154243 0.408908 
10 5 10 1 0.376261 0.415005 
0 6 0 1 -0.187324 -0.0885019 
0 8 0 1 -0.235255 -0.113228 
0 8 5 1 -0.231655 0.155707 
0 6 5 1 -0.182035 0.155715 
0 2 2.5 1 -0.110323 0.0507762 
0 4 2.5 1 -0.144338 0.0417685 
0 4 5 1 -0.141093 0.155722 
0 2 5 1 -0.106734 0.155728 
0.5 0.5 -0.5 1 -0.0743874 -0.0601555 
0.5 0.5 6 1 -0.0638921 0.1954 
10.5 0.5 -0.5 1 0.330167 -0.108035 
10.5 0.5 6 1 0.36186 0.17513 
10.5 10.5 -0.5 1 0.360509 -0.290284 
10.5 10.5 6 1 0.418607 0.18964 
0.5 10.5 -0.5 1 -0.283909 -0.18562 
0.5 10.5 6 1 -0.281896 0.220059 
0.5 5.5 9.5 1 -0.142014 0.388277 
10.5 5.5 9.5 1 0.406805 0.391375 
0.5 6.5 -0.5 1 -0.176394 -0.121239 
0.5 8.5 -0.5 1 -0.224555 -0.150078 
0.5 8.5 4.5 1 -0.220331 0.125121 
0.5 6.5 4.5 1 -0.170487 0.128139 
0.5 2.5 2 1 -0.0992593 0.0258235 
0.5 4.5 2 1 -0.133121 0.014407 
0.5 4.5 4.5 1 -0.129574 0.130616 
0.5 2.5 4.5 1 -0.0953876 0.132687 
