0 0 0 1 -0.207952 -0.0106259 
0 0 6.5 1 -0.228273 0.25345 
10 0 0 1 0.184112 0.00649135 
10 0 6.5 1 0.183249 0.268069 
10 10 0 1 0.322777 -0.105039 
10 10 6.5 1 0.332689 0.323268 
0 10 0 1 -0.315017 -0.135226 
0 10 6.5 1 -0.358251 0.2998 
0 5 10 1 -0.293247 0.4652 
10 5 10 1 0.240447 0.480659 
0 6 0 1 -0.259199 -0.0702661 
0 8 0 1 -0.283968 -0.0990923 
0 8 5 1 -0.310993 0.192227 
0 6 5 1 -0.282123 0.191562 
0 2 2.5 1 -0.230681 0.0795221 
0 4 2.5 1 -0.248669 0.0695317 
0 4 5 1 -0.258794 0.191025 
0 2 5 1 -0.239551 0.190582 
0.5 0.5 -0.5 1 -0.18962 -0.0332695 
0.5 0.5 6 1 -0.209344 0.233933 
10.5 0.5 -0.5 1 0.208179 -0.0156153 
10.5 0.5 6 1 0.208499 0.249036 
10.5 10.5 -0.5 1 0.365621 -0.143999 
10.5 10.5 6 1 0.379404 0.292581 
0.5 10.5 -0.5 1 -0.287487 -0.175749 
0.5 10.5 6 1 -0.329547 0.267786 
0.5 5.5 9.5 1 -0.269907 0.444188 
10.5 5.5 9.5 1 0.27447 0.460318 
0.5 6.5 -0.5 1 -0.236225 -0.101119 
0.5 8.5 -0.5 1 -0.258908 -0.134142 
0.5 8.5 4.5 1 -0.285147 0.162098 
0.5 6.5 4.5 1 -0.258468 0.164685 
0.5 2.5 2 1 -0.210761 0.0559759 
0.5 4.5 2 1 -0.22718 0.0435478 
0.5 4.5 4.5 1 -0.237007 0.166767 
0.5 2.5 4.5 1 -0.21937 0.168477 
