0 0 0 1 -0.59978 -0.48404 
0 0 6.5 1 -0.560315 -0.0708925 
10 0 0 1 -0.119481 -0.388865 
10 0 6.5 1 -0.117226 -0.105901 
10 10 0 1 0.286559 -0.455969 
10 10 6.5 1 0.260508 -0.0650561 
0 10 0 1 -0.207709 -0.672406 
0 10 6.5 1 -0.191673 0.0204926 
0 5 10 1 -0.403271 0.204568 
10 5 10 1 0.0387592 0.0721622 
0 6 0 1 -0.416452 -0.572118 
0 8 0 1 -0.325025 -0.616042 
0 8 5 1 -0.303701 -0.13459 
0 6 5 1 -0.390251 -0.14308 
0 2 2.5 1 -0.534066 -0.326093 
0 4 2.5 1 -0.47473 -0.336449 
0 4 5 1 -0.460802 -0.150001 
0 2 5 1 -0.519416 -0.155751 
0.5 0.5 -0.5 1 -0.556127 -0.517047 
0.5 0.5 6 1 -0.519838 -0.100063 
10.5 0.5 -0.5 1 -0.0886782 -0.411065 
10.5 0.5 6 1 -0.0880409 -0.126292 
10.5 10.5 -0.5 1 0.330845 -0.487136 
10.5 10.5 6 1 0.301527 -0.0927767 
0.5 10.5 -0.5 1 -0.130615 -0.73005 
0.5 10.5 6 1 -0.123972 -0.0264181 
0.5 5.5 9.5 1 -0.354968 0.17124 
10.5 5.5 9.5 1 0.0717792 0.0498152 
0.5 6.5 -0.5 1 -0.357425 -0.616513 
0.5 8.5 -0.5 1 -0.258159 -0.666204 
0.5 8.5 4.5 1 -0.242499 -0.178114 
0.5 6.5 4.5 1 -0.335681 -0.18219 
0.5 2.5 2 1 -0.48779 -0.360316 
0.5 4.5 2 1 -0.423765 -0.374005 
0.5 4.5 4.5 1 -0.411572 -0.185509 
0.5 2.5 4.5 1 -0.474575 -0.188265 
