0 0 0 1 0.280985 -0.294385 
0 0 6.5 1 0.321292 0.109346 
10 0 0 1 -0.376553 -0.270137 
10 0 6.5 1 -0.329406 0.19719 
10 10 0 1 -0.312867 -0.149823 
10 10 6.5 1 -0.28524 0.124238 
0 10 0 1 0.0903256 -0.175074 
0 10 6.5 1 0.115454 0.0758113 
0 5 10 1 0.211009 0.255173 
10 5 10 1 -0.282825 0.337092 
0 6 0 1 0.146172 -0.210022 
0 8 0 1 0.115961 -0.191116 
0 8 5 1 0.136867 0.0177027 
0 6 5 1 0.168932 0.0174318 
0 2 2.5 1 0.240121 -0.12169 
0 4 2.5 1 0.194794 -0.107737 
0 4 5 1 0.207279 0.0171078 
0 2 5 1 0.253952 0.0167134 
0.5 0.5 -0.5 1 0.235222 -0.314343 
0.5 0.5 6 1 0.274629 0.0800961 
10.5 0.5 -0.5 1 -0.411849 -0.293803 
10.5 0.5 6 1 -0.365929 0.16112 
10.5 10.5 -0.5 1 -0.334798 -0.165752 
10.5 10.5 6 1 -0.307597 0.103995 
0.5 10.5 -0.5 1 0.0643952 -0.189309 
0.5 10.5 6 1 0.0891709 0.0579563 
0.5 5.5 9.5 1 0.177011 0.230045 
10.5 5.5 9.5 1 -0.310932 0.307474 
0.5 6.5 -0.5 1 0.114744 -0.226161 
0.5 8.5 -0.5 1 0.0875392 -0.206249 
0.5 8.5 4.5 1 0.108128 -0.000686063 
0.5 6.5 4.5 1 0.137128 -0.00256491 
0.5 2.5 2 1 0.200078 -0.143079 
0.5 4.5 2 1 0.159444 -0.127329 
0.5 4.5 4.5 1 0.171704 -0.00480494 
0.5 2.5 4.5 1 0.213632 -0.00752139 
