0 0 0 1 0.271383 -0.512182 
0 0 6.5 1 0.214962 0.104673 
10 0 0 1 -0.223672 -0.326942 
10 0 6.5 1 -0.262779 0.0366444 
10 10 0 1 0.131874 -0.1979 
10 10 6.5 1 0.106853 0.0649947 
0 10 0 1 0.581035 -0.255969 
0 10 6.5 1 0.551018 0.117922 
0 5 10 1 0.403183 0.369747 
10 5 10 1 -0.0646193 0.220043 
0 6 0 1 0.491948 -0.329682 
0 8 0 1 0.540303 -0.289671 
0 8 5 1 0.514863 0.0215512 
0 6 5 1 0.463546 0.010541 
0 2 2.5 1 0.343527 -0.229733 
0 4 2.5 1 0.417654 -0.191541 
0 4 5 1 0.401498 -0.00277131 
0 2 5 1 0.324962 -0.0191923 
0.5 0.5 -0.5 1 0.260067 -0.521217 
0.5 0.5 6 1 0.207124 0.0550118 
10.5 0.5 -0.5 1 -0.21122 -0.339653 
10.5 0.5 6 1 -0.248636 0.00942926 
10.5 10.5 -0.5 1 0.130836 -0.21086 
10.5 10.5 6 1 0.106525 0.0443676 
0.5 10.5 -0.5 1 0.56162 -0.271829 
0.5 10.5 6 1 0.532584 0.086742 
0.5 5.5 9.5 1 0.387658 0.318167 
10.5 5.5 9.5 1 -0.0592662 0.190855 
0.5 6.5 -0.5 1 0.473267 -0.344898 
0.5 8.5 -0.5 1 0.521061 -0.305372 
0.5 8.5 4.5 1 0.496539 -0.00790338 
0.5 6.5 4.5 1 0.446014 -0.0210444 
0.5 2.5 2 1 0.329208 -0.254143 
0.5 4.5 2 1 0.400888 -0.215535 
0.5 4.5 4.5 1 0.385478 -0.0367893 
0.5 2.5 4.5 1 0.311626 -0.0559972 
