0 0 0 1 0.258044 -0.0750692 
0 0 6.5 1 0.28463 0.303152 
10 0 0 1 -0.279133 -0.20232 
10 0 6.5 1 -0.301938 0.375338 
10 10 0 1 -0.479952 -0.0380217 
10 10 6.5 1 -0.50704 0.306916 
0 10 0 1 -0.0581381 0.0121914 
0 10 6.5 1 -0.0565188 0.274595 
0 5 10 1 0.0876873 0.469492 
10 5 10 1 -0.44899 0.597532 
0 6 0 1 0.042223 -0.0155065 
0 8 0 1 -0.0111886 -0.000765843 
0 8 5 1 -0.00788731 0.211518 
0 6 5 1 0.0481861 0.211381 
0 2 2.5 1 0.181433 0.0760987 
0 4 2.5 1 0.108129 0.0864903 
0 4 5 1 0.112953 0.211222 
0 2 5 1 0.188606 0.211037 
0.5 0.5 -0.5 1 0.216089 -0.0998056 
0.5 0.5 6 1 0.239206 0.27238 
10.5 0.5 -0.5 1 -0.333789 -0.23745 
10.5 0.5 6 1 -0.362652 0.32616 
10.5 10.5 -0.5 1 -0.511337 -0.0609314 
10.5 10.5 6 1 -0.540309 0.278995 
0.5 10.5 -0.5 1 -0.0852309 -0.00574108 
0.5 10.5 6 1 -0.0850274 0.253758 
0.5 5.5 9.5 1 0.0513384 0.442097 
10.5 5.5 9.5 1 -0.493889 0.55665 
0.5 6.5 -0.5 1 0.0106152 -0.0356618 
0.5 8.5 -0.5 1 -0.04037 -0.0197455 
0.5 8.5 4.5 1 -0.0383207 0.190057 
0.5 6.5 4.5 1 0.0151051 0.18839 
0.5 2.5 2 1 0.142547 0.0512748 
0.5 4.5 2 1 0.072814 0.0634351 
0.5 4.5 4.5 1 0.0767384 0.186467 
0.5 2.5 4.5 1 0.148628 0.184224 
