0 0 0 1 -0.2382 -0.359884 
0 0 6.5 1 -0.258153 0.303723 
10 0 0 1 -0.247695 -0.0878548 
10 0 6.5 1 -0.25801 0.252179 
10 10 0 1 0.217745 -0.0647668 
10 10 6.5 1 0.236911 0.236903 
0 10 0 1 0.575654 -0.266861 
0 10 6.5 1 0.650782 0.264598 
0 5 10 1 0.276154 0.665127 
10 5 10 1 0.00851191 0.433919 
0 6 0 1 0.291014 -0.299395 
0 8 0 1 0.439055 -0.282474 
0 8 5 1 0.485929 0.132136 
0 6 5 1 0.326513 0.132619 
0 2 2.5 1 -0.0431766 -0.113355 
0 4 2.5 1 0.140431 -0.102618 
0 4 5 1 0.151827 0.133149 
0 2 5 1 -0.0404338 0.133732 
0.5 0.5 -0.5 1 -0.190582 -0.37172 
0.5 0.5 6 1 -0.202817 0.242386 
10.5 0.5 -0.5 1 -0.221951 -0.103443 
10.5 0.5 6 1 -0.230184 0.223203 
10.5 10.5 -0.5 1 0.226573 -0.0793912 
10.5 10.5 6 1 0.245641 0.211699 
0.5 10.5 -0.5 1 0.572117 -0.28138 
0.5 10.5 6 1 0.642545 0.21793 
0.5 5.5 9.5 1 0.292004 0.582312 
10.5 5.5 9.5 1 0.0261578 0.399312 
0.5 6.5 -0.5 1 0.303212 -0.313231 
0.5 8.5 -0.5 1 0.442777 -0.2967 
0.5 8.5 4.5 1 0.487212 0.0924569 
0.5 6.5 4.5 1 0.337589 0.0912082 
0.5 2.5 2 1 -0.00800842 -0.140925 
0.5 4.5 2 1 0.162874 -0.129661 
0.5 4.5 4.5 1 0.174548 0.0898474 
0.5 2.5 4.5 1 -0.00379981 0.088359 
