0 0 0 1 0.323185 -0.554652 
0 0 6.5 1 0.332675 -0.0893608 
10 0 0 1 -0.382251 -0.497423 
10 0 6.5 1 -0.329546 -0.0451535 
10 10 0 1 -0.216997 -0.354214 
10 10 6.5 1 -0.191217 -0.0854424 
0 10 0 1 0.198184 -0.385856 
0 10 6.5 1 0.208609 -0.112522 
0 5 10 1 0.260615 0.0684771 
10 5 10 1 -0.225909 0.098655 
0 6 0 1 0.233277 -0.433245 
0 8 0 1 0.214144 -0.407409 
0 8 5 1 0.222433 -0.176054 
0 6 5 1 0.241693 -0.1788 
0 2 2.5 1 0.289944 -0.341684 
0 4 2.5 1 0.260919 -0.320672 
0 4 5 1 0.265039 -0.182127 
0 2 5 1 0.293926 -0.186245 
0.5 0.5 -0.5 1 0.277119 -0.574868 
0.5 0.5 6 1 0.289149 -0.121626 
10.5 0.5 -0.5 1 -0.406352 -0.518916 
10.5 0.5 6 1 -0.35368 -0.0780153 
10.5 10.5 -0.5 1 -0.234353 -0.369618 
10.5 10.5 6 1 -0.208379 -0.10489 
0.5 10.5 -0.5 1 0.173121 -0.400887 
0.5 10.5 6 1 0.184296 -0.13174 
0.5 5.5 9.5 1 0.230014 0.0413427 
10.5 5.5 9.5 1 -0.245962 0.0712937 
0.5 6.5 -0.5 1 0.202586 -0.450178 
0.5 8.5 -0.5 1 0.186548 -0.423349 
0.5 8.5 4.5 1 0.195542 -0.195894 
0.5 6.5 4.5 1 0.211876 -0.200445 
0.5 2.5 2 1 0.251179 -0.364649 
0.5 4.5 2 1 0.226928 -0.341702 
0.5 4.5 4.5 1 0.231596 -0.20594 
0.5 2.5 4.5 1 0.255876 -0.212706 
