0 0 0 1 -0.623542 -0.296332 
0 0 6.5 1 -0.567041 0.284445 
10 0 0 1 -0.249399 -0.163158 
10 0 6.5 1 -0.218854 0.145 
10 10 0 1 0.236621 -0.229135 
10 10 6.5 1 0.270722 0.106431 
0 10 0 1 0.301856 -0.455484 
0 10 6.5 1 0.371921 0.230958 
0 5 10 1 -0.103027 0.600414 
10 5 10 1 0.0328685 0.29997 
0 6 0 1 -0.106032 -0.385335 
0 8 0 1 0.0907392 -0.419176 
0 8 5 1 0.142147 0.0899218 
0 6 5 1 -0.0568674 0.106508 
0 2 2.5 1 -0.439443 -0.0940718 
0 4 2.5 1 -0.26635 -0.116145 
0 4 5 1 -0.242771 0.122001 
0 2 5 1 -0.416819 0.136507 
0.5 0.5 -0.5 1 -0.555985 -0.333695 
0.5 0.5 6 1 -0.501297 0.226365 
10.5 0.5 -0.5 1 -0.220071 -0.185876 
10.5 0.5 6 1 -0.190066 0.11635 
10.5 10.5 -0.5 1 0.258413 -0.252466 
10.5 10.5 6 1 0.29184 0.0760779 
0.5 10.5 -0.5 1 0.342746 -0.492759 
0.5 10.5 6 1 0.410026 0.164929 
0.5 5.5 9.5 1 -0.049691 0.525414 
10.5 5.5 9.5 1 0.0578654 0.267002 
0.5 6.5 -0.5 1 -0.051964 -0.4229 
0.5 8.5 -0.5 1 0.138729 -0.45665 
0.5 8.5 4.5 1 0.188186 0.0318556 
0.5 6.5 4.5 1 -0.00458431 0.0496963 
0.5 2.5 2 1 -0.376459 -0.140009 
0.5 4.5 2 1 -0.207892 -0.162705 
0.5 4.5 4.5 1 -0.185134 0.0664061 
0.5 2.5 4.5 1 -0.354591 0.0820892 
