0 0 0 1 0.288946 -0.270169 
0 0 6.5 1 0.253173 0.0776358 
10 0 0 1 0.216824 -0.573842 
10 0 6.5 1 0.145128 0.130366 
10 10 0 1 -0.586829 -0.496477 
10 10 6.5 1 -0.635116 0.0183856 
0 10 0 1 -0.181631 -0.272763 
0 10 6.5 1 -0.210504 0.0215792 
0 5 10 1 -0.0151013 0.218111 
10 5 10 1 -0.336278 0.383049 
0 6 0 1 -0.0119595 -0.271828 
0 8 0 1 -0.0994948 -0.27231 
0 8 5 1 -0.12262 -0.0385461 
0 6 5 1 -0.0360564 -0.0304006 
0 2 2.5 1 0.168423 -0.141409 
0 4 2.5 1 0.0689345 -0.14635 
0 4 5 1 0.0563756 -0.0217028 
0 2 5 1 0.155294 -0.0123947 
0.5 0.5 -0.5 1 0.261659 -0.305244 
0.5 0.5 6 1 0.225387 0.0484913 
10.5 0.5 -0.5 1 0.158091 -0.656624 
10.5 0.5 6 1 0.084368 0.0723274 
10.5 10.5 -0.5 1 -0.649402 -0.554442 
10.5 10.5 6 1 -0.698557 -0.0264768 
0.5 10.5 -0.5 1 -0.2113 -0.30239 
0.5 10.5 6 1 -0.240491 -0.00381138 
0.5 5.5 9.5 1 -0.0445854 0.19362 
10.5 5.5 9.5 1 -0.401007 0.341679 
0.5 6.5 -0.5 1 -0.0410509 -0.303417 
0.5 8.5 -0.5 1 -0.128924 -0.302887 
0.5 8.5 4.5 1 -0.152315 -0.0656477 
0.5 6.5 4.5 1 -0.065438 -0.0582815 
0.5 2.5 2 1 0.140203 -0.173108 
0.5 4.5 2 1 0.0401376 -0.177034 
0.5 4.5 4.5 1 0.0274203 -0.0504082 
0.5 2.5 4.5 1 0.1269 -0.0419736 
