0 0 0 1 -0.688274 -0.425164 
0 0 6.5 1 -0.612461 0.117699 
10 0 0 1 -0.24625 -0.280529 
10 0 6.5 1 -0.213239 0.0217453 
10 10 0 1 0.233145 -0.361929 
10 10 6.5 1 0.259205 -0.0106089 
0 10 0 1 0.160835 -0.6421 
0 10 6.5 1 0.217207 0.0824481 
0 5 10 1 -0.218735 0.414565 
10 5 10 1 0.021629 0.175495 
0 6 0 1 -0.238406 -0.540099 
0 8 0 1 -0.0511865 -0.587932 
0 8 5 1 -0.00202494 -0.0597041 
0 6 5 1 -0.18543 -0.0433639 
0 2 2.5 1 -0.524768 -0.233994 
0 4 2.5 1 -0.376616 -0.259191 
0 4 5 1 -0.349242 -0.0287694 
0 2 5 1 -0.49644 -0.0156551 
0.5 0.5 -0.5 1 -0.624071 -0.462739 
0.5 0.5 6 1 -0.552461 0.06886 
10.5 0.5 -0.5 1 -0.216366 -0.303495 
10.5 0.5 6 1 -0.184436 -0.00474209 
10.5 10.5 -0.5 1 0.260191 -0.387222 
10.5 10.5 6 1 0.28518 -0.0406556 
0.5 10.5 -0.5 1 0.218383 -0.684763 
0.5 10.5 6 1 0.270193 0.0198007 
0.5 5.5 9.5 1 -0.162518 0.352839 
10.5 5.5 9.5 1 0.0488004 0.145311 
0.5 6.5 -0.5 1 -0.176048 -0.580813 
0.5 8.5 -0.5 1 0.0092853 -0.629657 
0.5 8.5 4.5 1 0.0548289 -0.115264 
0.5 6.5 4.5 1 -0.126661 -0.0963235 
0.5 2.5 2 1 -0.462455 -0.277673 
0.5 4.5 2 1 -0.314927 -0.304513 
0.5 4.5 4.5 1 -0.289266 -0.0793536 
0.5 2.5 4.5 1 -0.435788 -0.0640621 
