0 0 0 1 -0.614234 -0.288872 
0 0 6.5 1 -0.56076 0.297683 
10 0 0 1 -0.249696 -0.153084 
10 0 6.5 1 -0.219838 0.156321 
10 10 0 1 0.236977 -0.217361 
10 10 6.5 1 0.271721 0.116808 
0 10 0 1 0.317836 -0.442223 
0 10 6.5 1 0.389871 0.240205 
0 5 10 1 -0.0881879 0.615883 
10 5 10 1 0.0338114 0.311646 
0 6 0 1 -0.0895093 -0.375203 
0 8 0 1 0.107678 -0.407646 
0 8 5 1 0.159562 0.0995054 
0 6 5 1 -0.0407109 0.116422 
0 2 2.5 1 -0.427865 -0.0851575 
0 4 2.5 1 -0.251981 -0.107053 
0 4 5 1 -0.228906 0.132319 
0 2 5 1 -0.406084 0.147285 
0.5 0.5 -0.5 1 -0.5464 -0.325919 
0.5 0.5 6 1 -0.49433 0.23855 
10.5 0.5 -0.5 1 -0.220421 -0.175702 
10.5 0.5 6 1 -0.191023 0.127446 
10.5 10.5 -0.5 1 0.258169 -0.240391 
10.5 10.5 6 1 0.292272 0.0864904 
0.5 10.5 -0.5 1 0.356652 -0.478572 
0.5 10.5 6 1 0.425974 0.17414 
0.5 5.5 9.5 1 -0.0354339 0.539336 
10.5 5.5 9.5 1 0.0585535 0.278378 
0.5 6.5 -0.5 1 -0.0366719 -0.412084 
0.5 8.5 -0.5 1 0.153986 -0.444313 
0.5 8.5 4.5 1 0.204055 0.0414719 
0.5 6.5 4.5 1 0.010536 0.0594375 
0.5 2.5 2 1 -0.364973 -0.131101 
0.5 4.5 2 1 -0.194141 -0.153468 
0.5 4.5 4.5 1 -0.171769 0.0763622 
0.5 2.5 4.5 1 -0.343809 0.0923337 
