0 0 0 1 0.402913 -0.519922 
0 0 6.5 1 0.343612 0.0252639 
10 0 0 1 -0.277818 -0.459052 
10 0 6.5 1 -0.276746 -0.0489449 
10 10 0 1 -0.00738331 -0.349286 
10 10 6.5 1 -0.0186453 -0.0864481 
0 10 0 1 0.430551 -0.36216 
0 10 6.5 1 0.394223 -0.0497741 
0 5 10 1 0.353583 0.170882 
10 5 10 1 -0.124542 0.0870525 
0 6 0 1 0.422986 -0.405346 
0 8 0 1 0.427129 -0.381697 
0 8 5 1 0.396421 -0.11546 
0 6 5 1 0.389408 -0.111309 
0 2 2.5 1 0.390101 -0.279848 
0 4 2.5 1 0.398834 -0.2658 
0 4 5 1 0.380836 -0.106236 
0 2 5 1 0.37012 -0.0998926 
0.5 0.5 -0.5 1 0.366283 -0.546625 
0.5 0.5 6 1 0.312608 -0.0221131 
10.5 0.5 -0.5 1 -0.281793 -0.481218 
10.5 0.5 6 1 -0.280495 -0.0829114 
10.5 10.5 -0.5 1 -0.0159767 -0.366026 
10.5 10.5 6 1 -0.0266264 -0.108071 
0.5 10.5 -0.5 1 0.408685 -0.381756 
0.5 10.5 6 1 0.37439 -0.0762405 
0.5 5.5 9.5 1 0.330835 0.132145 
10.5 5.5 9.5 1 -0.131247 0.0573772 
0.5 6.5 -0.5 1 0.396907 -0.427553 
0.5 8.5 -0.5 1 0.40334 -0.402538 
0.5 8.5 4.5 1 0.374515 -0.142788 
0.5 6.5 4.5 1 0.365591 -0.141415 
0.5 2.5 2 1 0.359626 -0.311774 
0.5 4.5 2 1 0.371419 -0.29469 
0.5 4.5 4.5 1 0.354749 -0.139746 
0.5 2.5 4.5 1 0.341298 -0.137676 
