0 0 0 1 0.283079 -0.301107 
0 0 6.5 1 0.322262 0.104791 
10 0 0 1 -0.377098 -0.273114 
10 0 6.5 1 -0.328665 0.191592 
10 10 0 1 -0.306855 -0.156397 
10 10 6.5 1 -0.27861 0.116372 
0 10 0 1 0.0963081 -0.182936 
0 10 6.5 1 0.121154 0.0684556 
0 5 10 1 0.214422 0.248624 
10 5 10 1 -0.278044 0.328185 
0 6 0 1 0.150873 -0.217459 
0 8 0 1 0.121341 -0.198774 
0 8 5 1 0.141978 0.010692 
0 6 5 1 0.173282 0.0108327 
0 2 2.5 1 0.2429 -0.127729 
0 4 2.5 1 0.198512 -0.114234 
0 4 5 1 0.210751 0.0110012 
0 2 5 1 0.256404 0.0112064 
0.5 0.5 -0.5 1 0.237265 -0.321229 
0.5 0.5 6 1 0.275743 0.0752813 
10.5 0.5 -0.5 1 -0.41173 -0.296845 
10.5 0.5 6 1 -0.364407 0.155595 
10.5 10.5 -0.5 1 -0.328509 -0.172326 
10.5 10.5 6 1 -0.300645 0.0961712 
0.5 10.5 -0.5 1 0.0704271 -0.197237 
0.5 10.5 6 1 0.0949844 0.0505209 
0.5 5.5 9.5 1 0.180615 0.223369 
10.5 5.5 9.5 1 -0.305639 0.298696 
0.5 6.5 -0.5 1 0.119479 -0.233691 
0.5 8.5 -0.5 1 0.0929623 -0.213985 
0.5 8.5 4.5 1 0.113342 -0.00779446 
0.5 6.5 4.5 1 0.141584 -0.00928476 
0.5 2.5 2 1 0.202906 -0.14929 
0.5 4.5 2 1 0.163226 -0.133964 
0.5 4.5 4.5 1 0.175284 -0.011063 
0.5 2.5 4.5 1 0.216191 -0.0132216 
