0 0 0 1 -0.291531 -0.106489 
0 0 6.5 1 -0.323896 0.16904 
10 0 0 1 0.104663 -0.0559439 
10 0 6.5 1 0.0855206 0.195752 
10 10 0 1 0.312937 -0.136468 
10 10 6.5 1 0.290765 0.266194 
0 10 0 1 -0.320542 -0.234909 
0 10 6.5 1 -0.3776 0.232435 
0 5 10 1 -0.367151 0.389584 
10 5 10 1 0.152155 0.397858 
0 6 0 1 -0.305193 -0.166962 
0 8 0 1 -0.311942 -0.196839 
0 8 5 1 -0.349658 0.115623 
0 6 5 1 -0.338537 0.111776 
0 2 2.5 1 -0.308652 -0.0097983 
0 4 2.5 1 -0.314501 -0.0187192 
0 4 5 1 -0.329633 0.108696 
0 2 5 1 -0.322343 0.106174 
0.5 0.5 -0.5 1 -0.267913 -0.128424 
0.5 0.5 6 1 -0.300044 0.150298 
10.5 0.5 -0.5 1 0.131021 -0.0752827 
10.5 0.5 6 1 0.112329 0.179079 
10.5 10.5 -0.5 1 0.359207 -0.168996 
10.5 10.5 6 1 0.338555 0.240531 
0.5 10.5 -0.5 1 -0.28103 -0.275172 
0.5 10.5 6 1 -0.33748 0.201421 
0.5 5.5 9.5 1 -0.337048 0.369285 
10.5 5.5 9.5 1 0.187003 0.380054 
0.5 6.5 -0.5 1 -0.27406 -0.197187 
0.5 8.5 -0.5 1 -0.277116 -0.231384 
0.5 8.5 4.5 1 -0.314456 0.0864296 
0.5 6.5 4.5 1 -0.307099 0.0858029 
0.5 2.5 2 1 -0.28286 -0.0325492 
0.5 4.5 2 1 -0.286225 -0.0438913 
0.5 4.5 4.5 1 -0.301232 0.0853032 
0.5 2.5 4.5 1 -0.296446 0.0848955 
