0 0 0 1 0.280952 -0.246424 
0 0 6.5 1 0.251559 0.102305 
10 0 0 1 0.108245 -0.568103 
10 0 6.5 1 0.0442001 0.10964 
10 10 0 1 -0.577267 -0.441664 
10 10 6.5 1 -0.637439 0.0258644 
0 10 0 1 -0.16585 -0.229736 
0 10 6.5 1 -0.196058 0.0534796 
0 5 10 1 -0.0122037 0.247764 
10 5 10 1 -0.395934 0.370999 
0 6 0 1 -0.00866528 -0.235607 
0 8 0 1 -0.0902926 -0.232558 
0 8 5 1 -0.113502 -0.00696471 
0 6 5 1 -0.0318546 -0.000881242 
0 2 2.5 1 0.164618 -0.115616 
0 4 2.5 1 0.0683224 -0.117344 
0 4 5 1 0.0567099 0.00571764 
0 2 5 1 0.15311 0.0129003 
0.5 0.5 -0.5 1 0.250942 -0.280433 
0.5 0.5 6 1 0.220668 0.0718292 
10.5 0.5 -0.5 1 0.0453407 -0.642272 
10.5 0.5 6 1 -0.0224526 0.0489065 
10.5 10.5 -0.5 1 -0.631332 -0.490691 
10.5 10.5 6 1 -0.693778 -0.0168053 
0.5 10.5 -0.5 1 -0.194459 -0.257205 
0.5 10.5 6 1 -0.225368 0.0283361 
0.5 5.5 9.5 1 -0.0429075 0.221816 
10.5 5.5 9.5 1 -0.459335 0.326143 
0.5 6.5 -0.5 1 -0.0379866 -0.265365 
0.5 8.5 -0.5 1 -0.119273 -0.261126 
0.5 8.5 4.5 1 -0.143045 -0.0336149 
0.5 6.5 4.5 1 -0.0617655 -0.0285627 
0.5 2.5 2 1 0.134444 -0.146866 
0.5 4.5 2 1 0.0383987 -0.147283 
0.5 4.5 4.5 1 0.0264748 -0.0230779 
0.5 2.5 4.5 1 0.12261 -0.0171023 
