0 0 0 1 -0.53917 -0.301001 
0 0 6.5 1 -0.509441 0.321365 
10 0 0 1 -0.252168 -0.117798 
10 0 6.5 1 -0.229528 0.200625 
10 10 0 1 0.236 -0.167611 
10 10 6.5 1 0.272531 0.157078 
0 10 0 1 0.413481 -0.408017 
0 10 6.5 1 0.497614 0.238716 
0 5 10 1 0.0146875 0.651958 
10 5 10 1 0.035044 0.359542 
0 6 0 1 0.0220614 -0.364047 
0 8 0 1 0.215981 -0.385831 
0 8 5 1 0.271012 0.101603 
0 6 5 1 0.0685404 0.11969 
0 2 2.5 1 -0.340589 -0.088139 
0 4 2.5 1 -0.149645 -0.107434 
0 4 5 1 -0.130146 0.137438 
0 2 5 1 -0.325151 0.154857 
0.5 0.5 -0.5 1 -0.471323 -0.332334 
0.5 0.5 6 1 -0.439615 0.258249 
10.5 0.5 -0.5 1 -0.22332 -0.138829 
10.5 0.5 6 1 -0.200496 0.171069 
10.5 10.5 -0.5 1 0.253314 -0.187877 
10.5 10.5 6 1 0.28937 0.127948 
0.5 10.5 -0.5 1 0.438361 -0.435564 
0.5 10.5 6 1 0.519536 0.176878 
0.5 5.5 9.5 1 0.0613768 0.568696 
10.5 5.5 9.5 1 0.0580325 0.32513 
0.5 6.5 -0.5 1 0.0650646 -0.393203 
0.5 8.5 -0.5 1 0.250088 -0.414199 
0.5 8.5 4.5 1 0.303738 0.0478777 
0.5 6.5 4.5 1 0.110947 0.0655551 
0.5 2.5 2 1 -0.280296 -0.130443 
0.5 4.5 2 1 -0.0979705 -0.149183 
0.5 4.5 4.5 1 -0.0784148 0.0829181 
0.5 2.5 4.5 1 -0.264439 0.099975 
