0 0 0 1 0.24578 -0.401502 
0 0 6.5 1 0.218626 -0.0886907 
10 0 0 1 0.721627 -0.57188 
10 0 6.5 1 0.631834 -0.0118258 
10 10 0 1 -0.147933 -0.782371 
10 10 6.5 1 -0.164198 -0.00647422 
0 10 0 1 -0.248981 -0.46941 
0 10 6.5 1 -0.251072 -0.0991276 
0 5 10 1 -0.00602789 0.0740217 
10 5 10 1 0.261662 0.288498 
0 6 0 1 -0.0309736 -0.439487 
0 8 0 1 -0.136157 -0.453924 
0 8 5 1 -0.142839 -0.175456 
0 6 5 1 -0.0420456 -0.170667 
0 2 2.5 1 0.150075 -0.285023 
0 4 2.5 1 0.0597118 -0.293273 
0 4 5 1 0.0524261 -0.166179 
0 2 5 1 0.141152 -0.161963 
0.5 0.5 -0.5 1 0.239959 -0.435602 
0.5 0.5 6 1 0.2122 -0.110467 
10.5 0.5 -0.5 1 0.742315 -0.646899 
10.5 0.5 6 1 0.645171 -0.0461081 
10.5 10.5 -0.5 1 -0.200586 -0.909012 
10.5 10.5 6 1 -0.211367 -0.0529456 
0.5 10.5 -0.5 1 -0.276794 -0.512832 
0.5 10.5 6 1 -0.277232 -0.125181 
0.5 5.5 9.5 1 -0.0206937 0.0569153 
10.5 5.5 9.5 1 0.251956 0.27077 
0.5 6.5 -0.5 1 -0.0482726 -0.478679 
0.5 8.5 -0.5 1 -0.158366 -0.495132 
0.5 8.5 4.5 1 -0.164263 -0.203931 
0.5 6.5 4.5 1 -0.0589735 -0.198006 
0.5 2.5 2 1 0.140759 -0.3153 
0.5 4.5 2 1 0.0467375 -0.324861 
0.5 4.5 4.5 1 0.0394729 -0.192466 
0.5 2.5 4.5 1 0.131722 -0.187275 
