0 0 0 1 0.146096 -0.414839 
0 0 6.5 1 0.148684 -0.122844 
10 0 0 1 0.633061 -0.557096 
10 0 6.5 1 0.599334 -0.102897 
10 10 0 1 0.107573 -0.762717 
10 10 6.5 1 0.118433 -0.0236437 
0 10 0 1 -0.291252 -0.473467 
0 10 6.5 1 -0.258539 -0.0854482 
0 5 10 1 -0.020418 0.0572377 
10 5 10 1 0.401934 0.188914 
0 6 0 1 -0.085056 -0.445826 
0 8 0 1 -0.181625 -0.458771 
0 8 5 1 -0.162999 -0.174584 
0 6 5 1 -0.0719699 -0.17838 
0 2 2.5 1 0.0797928 -0.301893 
0 4 2.5 1 0.00506262 -0.305216 
0 4 5 1 0.00927516 -0.181767 
0 2 5 1 0.0822332 -0.184809 
0.5 0.5 -0.5 1 0.145105 -0.446347 
0.5 0.5 6 1 0.147833 -0.142738 
10.5 0.5 -0.5 1 0.659403 -0.615458 
10.5 0.5 6 1 0.621756 -0.132585 
10.5 10.5 -0.5 1 0.101074 -0.883057 
10.5 10.5 6 1 0.113719 -0.0650014 
0.5 10.5 -0.5 1 -0.313912 -0.519003 
0.5 10.5 6 1 -0.278129 -0.110206 
0.5 5.5 9.5 1 -0.0277329 0.0420284 
10.5 5.5 9.5 1 0.416043 0.172115 
0.5 6.5 -0.5 1 -0.0960998 -0.484526 
0.5 8.5 -0.5 1 -0.197795 -0.500623 
0.5 8.5 4.5 1 -0.177535 -0.202017 
0.5 6.5 4.5 1 -0.0819486 -0.204345 
0.5 2.5 2 1 0.0763077 -0.330213 
0.5 4.5 2 1 -0.00155514 -0.335284 
0.5 4.5 4.5 1 0.00296989 -0.206414 
0.5 2.5 4.5 1 0.078912 -0.208264 
