0 0 0 1 -0.36727 -0.341177 
0 0 6.5 1 -0.394593 -0.0386626 
10 0 0 1 0.0450686 -0.253434 
10 0 6.5 1 0.0198321 -0.00134051 
10 10 0 1 0.323513 -0.353431 
10 10 6.5 1 0.282136 0.0356554 
0 10 0 1 -0.2949 -0.539921 
0 10 6.5 1 -0.342872 -0.0160772 
0 5 10 1 -0.394096 0.173336 
10 5 10 1 0.106396 0.176173 
0 6 0 1 -0.333688 -0.4334 
0 8 0 1 -0.316772 -0.479855 
0 8 5 1 -0.348909 -0.127474 
0 6 5 1 -0.362087 -0.120994 
0 2 2.5 1 -0.369698 -0.238545 
0 4 2.5 1 -0.359922 -0.255655 
0 4 5 1 -0.372601 -0.115825 
0 2 5 1 -0.381183 -0.111605 
0.5 0.5 -0.5 1 -0.338003 -0.365372 
0.5 0.5 6 1 -0.365856 -0.0591178 
10.5 0.5 -0.5 1 0.0735079 -0.272706 
10.5 0.5 6 1 0.0478548 -0.0180212 
10.5 10.5 -0.5 1 0.371959 -0.384899 
10.5 10.5 6 1 0.329507 0.0103957 
0.5 10.5 -0.5 1 -0.242245 -0.586333 
0.5 10.5 6 1 -0.291852 -0.0511756 
0.5 5.5 9.5 1 -0.357779 0.150649 
10.5 5.5 9.5 1 0.141344 0.158094 
0.5 6.5 -0.5 1 -0.293776 -0.467425 
0.5 8.5 -0.5 1 -0.271363 -0.519144 
0.5 8.5 4.5 1 -0.304452 -0.160126 
0.5 6.5 4.5 1 -0.32292 -0.149813 
0.5 2.5 2 1 -0.337819 -0.263595 
0.5 4.5 2 1 -0.324624 -0.283527 
0.5 4.5 4.5 1 -0.337599 -0.141615 
0.5 2.5 4.5 1 -0.349548 -0.134942 
