0 0 0 1 0.349047 -0.540292 
0 0 6.5 1 0.282223 0.0614615 
10 0 0 1 -0.228531 -0.39985 
10 0 6.5 1 -0.260868 -0.0210295 
10 10 0 1 0.0999616 -0.264954 
10 10 6.5 1 0.0736096 -0.00404022 
0 10 0 1 0.549645 -0.299997 
0 10 6.5 1 0.50709 0.0502917 
0 5 10 1 0.396598 0.285518 
10 5 10 1 -0.0787045 0.15179 
0 6 0 1 0.493583 -0.367153 
0 8 0 1 0.524173 -0.33051 
0 8 5 1 0.488702 -0.0352895 
0 6 5 1 0.455059 -0.0421765 
0 2 2.5 1 0.385886 -0.262655 
0 4 2.5 1 0.434919 -0.229773 
0 4 5 1 0.414026 -0.050576 
0 2 5 1 0.36287 -0.0610478 
0.5 0.5 -0.5 1 0.326925 -0.555093 
0.5 0.5 6 1 0.264558 0.0120323 
10.5 0.5 -0.5 1 -0.220598 -0.414723 
10.5 0.5 6 1 -0.251849 -0.0499217 
10.5 10.5 -0.5 1 0.0967188 -0.278934 
10.5 10.5 6 1 0.0711005 -0.0247461 
0.5 10.5 -0.5 1 0.529297 -0.317392 
0.5 10.5 6 1 0.48855 0.0208791 
0.5 5.5 9.5 1 0.378492 0.23901 
10.5 5.5 9.5 1 -0.0769388 0.122823 
0.5 6.5 -0.5 1 0.471703 -0.38504 
0.5 8.5 -0.5 1 0.503026 -0.348248 
0.5 8.5 4.5 1 0.469188 -0.06409 
0.5 6.5 4.5 1 0.435104 -0.0734189 
0.5 2.5 2 1 0.36465 -0.290053 
0.5 4.5 2 1 0.413639 -0.255813 
0.5 4.5 4.5 1 0.39388 -0.0847017 
0.5 2.5 4.5 1 0.343011 -0.0986244 
