0 0 0 1 -0.193932 -0.0123234 
0 0 6.5 1 -0.211263 0.249466 
10 0 0 1 0.197381 -0.00122031 
10 0 6.5 1 0.199997 0.261135 
10 10 0 1 0.324014 -0.123125 
10 10 6.5 1 0.33923 0.306558 
0 10 0 1 -0.311537 -0.141158 
0 10 6.5 1 -0.350668 0.286983 
0 5 10 1 -0.27791 0.456226 
10 5 10 1 0.255771 0.471369 
0 6 0 1 -0.250398 -0.074181 
0 8 0 1 -0.277575 -0.103953 
0 8 5 1 -0.301697 0.183249 
0 6 5 1 -0.270602 0.184387 
0 2 2.5 1 -0.216956 0.0760581 
0 4 2.5 1 -0.236592 0.0650966 
0 4 5 1 -0.245416 0.18531 
0 2 5 1 -0.224601 0.186072 
0.5 0.5 -0.5 1 -0.176448 -0.0352505 
0.5 0.5 6 1 -0.19316 0.229682 
10.5 0.5 -0.5 1 0.22102 -0.0239727 
10.5 0.5 6 1 0.224904 0.241544 
10.5 10.5 -0.5 1 0.366054 -0.16359 
10.5 10.5 6 1 0.385393 0.274595 
0.5 10.5 -0.5 1 -0.285892 -0.182088 
0.5 10.5 6 1 -0.323866 0.254471 
0.5 5.5 9.5 1 -0.255739 0.434886 
10.5 5.5 9.5 1 0.289455 0.450355 
0.5 6.5 -0.5 1 -0.228726 -0.10539 
0.5 8.5 -0.5 1 -0.254064 -0.139386 
0.5 8.5 4.5 1 -0.277399 0.152701 
0.5 6.5 4.5 1 -0.248239 0.15714 
0.5 2.5 2 1 -0.197994 0.0522071 
0.5 4.5 2 1 -0.21621 0.0387795 
0.5 4.5 4.5 1 -0.224727 0.160719 
0.5 2.5 4.5 1 -0.205368 0.163667 
