0 0 0 1 -0.0495679 -0.041483 
0 0 6.5 1 -0.0319618 0.21017 
10 0 0 1 0.351502 -0.0992061 
10 0 6.5 1 0.387377 0.19051 
10 10 0 1 0.325029 -0.237552 
10 10 6.5 1 0.385507 0.255886 
0 10 0 1 -0.289836 -0.119692 
0 10 6.5 1 -0.27467 0.272644 
0 5 10 1 -0.116063 0.410083 
10 5 10 1 0.412817 0.426169 
0 6 0 1 -0.167861 -0.0799884 
0 8 0 1 -0.222837 -0.0978837 
0 8 5 1 -0.210095 0.170652 
0 6 5 1 -0.154518 0.164254 
0 2 2.5 1 -0.0763029 0.0496516 
0 4 2.5 1 -0.115249 0.0453142 
0 4 5 1 -0.108363 0.15894 
0 2 5 1 -0.069423 0.154457 
0.5 0.5 -0.5 1 -0.0410851 -0.0657792 
0.5 0.5 6 1 -0.0227836 0.190868 
10.5 0.5 -0.5 1 0.371716 -0.12884 
10.5 0.5 6 1 0.409357 0.167506 
10.5 10.5 -0.5 1 0.358613 -0.294678 
10.5 10.5 6 1 0.424326 0.218282 
0.5 10.5 -0.5 1 -0.284969 -0.160476 
0.5 10.5 6 1 -0.268979 0.244136 
0.5 5.5 9.5 1 -0.106964 0.391618 
10.5 5.5 9.5 1 0.442594 0.404284 
0.5 6.5 -0.5 1 -0.160408 -0.112111 
0.5 8.5 -0.5 1 -0.216357 -0.133835 
0.5 8.5 4.5 1 -0.20296 0.142136 
0.5 6.5 4.5 1 -0.146423 0.138268 
0.5 2.5 2 1 -0.0676865 0.0253286 
0.5 4.5 2 1 -0.106928 0.0187903 
0.5 4.5 4.5 1 -0.0997297 0.135074 
0.5 2.5 4.5 1 -0.0605155 0.132391 
