0 0 0 1 -0.47858 -0.442598 
0 0 6.5 1 -0.480284 -0.0890812 
10 0 0 1 -0.03143 -0.344845 
10 0 6.5 1 -0.0486648 -0.078116 
10 10 0 1 0.313369 -0.417693 
10 10 6.5 1 0.270346 -0.0251777 
0 10 0 1 -0.276203 -0.630773 
0 10 6.5 1 -0.295101 -0.0160915 
0 5 10 1 -0.414783 0.158531 
10 5 10 1 0.0678837 0.103579 
0 6 0 1 -0.385361 -0.529275 
0 8 0 1 -0.337955 -0.573355 
0 8 5 1 -0.347571 -0.154707 
0 6 5 1 -0.391626 -0.159034 
0 2 2.5 1 -0.45461 -0.31266 
0 4 2.5 1 -0.424951 -0.324749 
0 4 5 1 -0.426911 -0.1625 
0 2 5 1 -0.455807 -0.165338 
0.5 0.5 -0.5 1 -0.442767 -0.470263 
0.5 0.5 6 1 -0.446171 -0.112341 
10.5 0.5 -0.5 1 -0.00132397 -0.365024 
10.5 0.5 6 1 -0.019754 -0.0957848 
10.5 10.5 -0.5 1 0.361711 -0.44846 
10.5 10.5 6 1 0.315733 -0.0504893 
0.5 10.5 -0.5 1 -0.20956 -0.682772 
0.5 10.5 6 1 -0.234091 -0.0547052 
0.5 5.5 9.5 1 -0.372388 0.13276 
10.5 5.5 9.5 1 0.102355 0.0844777 
0.5 6.5 -0.5 1 -0.335753 -0.567779 
0.5 8.5 -0.5 1 -0.281066 -0.617613 
0.5 8.5 4.5 1 -0.293938 -0.190944 
0.5 6.5 4.5 1 -0.344515 -0.191269 
0.5 2.5 2 1 -0.41595 -0.341056 
0.5 4.5 2 1 -0.38199 -0.356198 
0.5 4.5 4.5 1 -0.384915 -0.191529 
0.5 2.5 4.5 1 -0.41793 -0.191741 
