0 0 0 1 -0.0275928 -0.0595633 
0 0 6.5 1 -0.00611304 0.192049 
10 0 0 1 0.378386 -0.124908 
10 0 6.5 1 0.415987 0.173001 
10 10 0 1 0.320805 -0.253037 
10 10 6.5 1 0.383184 0.258042 
0 10 0 1 -0.287634 -0.122051 
0 10 6.5 1 -0.264291 0.266384 
0 5 10 1 -0.0942372 0.39337 
10 5 10 1 0.430766 0.418686 
0 6 0 1 -0.156206 -0.0904691 
0 8 0 1 -0.215592 -0.104739 
0 8 5 1 -0.197646 0.162605 
0 6 5 1 -0.138443 0.153169 
0 2 2.5 1 -0.0556751 0.0340981 
0 4 2.5 1 -0.0978078 0.0321702 
0 4 5 1 -0.0890137 0.145291 
0 2 5 1 -0.0471211 0.138614 
0.5 0.5 -0.5 1 -0.0204066 -0.0838087 
0.5 0.5 6 1 0.00178278 0.17336 
10.5 0.5 -0.5 1 0.398521 -0.155658 
10.5 0.5 6 1 0.43784 0.150065 
10.5 10.5 -0.5 1 0.352915 -0.312772 
10.5 10.5 6 1 0.420285 0.221741 
0.5 10.5 -0.5 1 -0.286136 -0.162016 
0.5 10.5 6 1 -0.261831 0.239825 
0.5 5.5 9.5 1 -0.0871039 0.376264 
10.5 5.5 9.5 1 0.459894 0.398141 
0.5 6.5 -0.5 1 -0.150981 -0.122238 
0.5 8.5 -0.5 1 -0.211833 -0.140148 
0.5 8.5 4.5 1 -0.193167 0.135414 
0.5 6.5 4.5 1 -0.132535 0.128206 
0.5 2.5 2 1 -0.0485887 0.0101612 
0.5 4.5 2 1 -0.0913152 0.00616981 
0.5 4.5 4.5 1 -0.0821964 0.122222 
0.5 2.5 4.5 1 -0.0397356 0.117175 
