0 0 0 1 -0.694782 -0.445981 
0 0 6.5 1 -0.617259 0.0935534 
10 0 0 1 -0.245372 -0.297625 
10 0 6.5 1 -0.212428 0.00452877 
10 10 0 1 0.233126 -0.381325 
10 10 6.5 1 0.257845 -0.0272864 
0 10 0 1 0.142463 -0.672004 
0 10 6.5 1 0.197528 0.0587992 
0 5 10 1 -0.232244 0.388219 
10 5 10 1 0.0202245 0.158382 
0 6 0 1 -0.254217 -0.564916 
0 8 0 1 -0.0688729 -0.614952 
0 8 5 1 -0.0197748 -0.0834022 
0 6 5 1 -0.200702 -0.0667382 
0 2 2.5 1 -0.534083 -0.256011 
0 4 2.5 1 -0.38923 -0.281854 
0 4 5 1 -0.361449 -0.0519329 
0 2 5 1 -0.505212 -0.0386918 
0.5 0.5 -0.5 1 -0.631092 -0.483498 
0.5 0.5 6 1 -0.557962 0.0457566 
10.5 0.5 -0.5 1 -0.215397 -0.320608 
10.5 0.5 6 1 -0.183592 -0.0217007 
10.5 10.5 -0.5 1 0.260885 -0.406867 
10.5 10.5 6 1 0.284464 -0.0572853 
0.5 10.5 -0.5 1 0.202041 -0.715317 
0.5 10.5 6 1 0.252185 -0.00332406 
0.5 5.5 9.5 1 -0.175845 0.327997 
10.5 5.5 9.5 1 0.0476846 0.12853 
0.5 6.5 -0.5 1 -0.191026 -0.605946 
0.5 8.5 -0.5 1 -0.00699906 -0.657151 
0.5 8.5 4.5 1 0.0382186 -0.138565 
0.5 6.5 4.5 1 -0.141334 -0.119162 
0.5 2.5 2 1 -0.471985 -0.299353 
0.5 4.5 2 1 -0.327324 -0.32695 
0.5 4.5 4.5 1 -0.301353 -0.101869 
0.5 2.5 4.5 1 -0.444859 -0.0863609 
