0 0 0 1 -0.526657 -0.309993 
0 0 6.5 1 -0.500477 0.315905 
10 0 0 1 -0.252457 -0.116972 
10 0 6.5 1 -0.231172 0.202557 
10 10 0 1 0.235367 -0.164042 
10 10 6.5 1 0.271739 0.159151 
0 10 0 1 0.42479 -0.408469 
0 10 6.5 1 0.510113 0.231587 
0 5 10 1 0.0291647 0.64789 
10 5 10 1 0.0344835 0.362177 
0 6 0 1 0.0373534 -0.368369 
0 8 0 1 0.229901 -0.388298 
0 8 5 1 0.28521 0.0950501 
0 6 5 1 0.0834778 0.112857 
0 2 2.5 1 -0.326995 -0.0959918 
0 4 2.5 1 -0.134729 -0.114459 
0 4 5 1 -0.115735 0.130442 
0 2 5 1 -0.312476 0.147808 
0.5 0.5 -0.5 1 -0.459166 -0.340013 
0.5 0.5 6 1 -0.430492 0.252838 
10.5 0.5 -0.5 1 -0.223694 -0.13765 
10.5 0.5 6 1 -0.202124 0.173049 
10.5 10.5 -0.5 1 0.252167 -0.183835 
10.5 10.5 6 1 0.288082 0.130321 
0.5 10.5 -0.5 1 0.447809 -0.434552 
0.5 10.5 6 1 0.530065 0.170944 
0.5 5.5 9.5 1 0.0746745 0.564419 
10.5 5.5 9.5 1 0.0572174 0.327757 
0.5 6.5 -0.5 1 0.0787971 -0.396088 
0.5 8.5 -0.5 1 0.262242 -0.415209 
0.5 8.5 4.5 1 0.316168 0.0424828 
0.5 6.5 4.5 1 0.124406 0.059707 
0.5 2.5 2 1 -0.267415 -0.137238 
0.5 4.5 2 1 -0.0842194 -0.15504 
0.5 4.5 4.5 1 -0.0650815 0.076727 
0.5 2.5 4.5 1 -0.252335 0.0935462 
