0 0 0 1 0.25552 -0.191706 
0 0 6.5 1 0.29426 0.181139 
10 0 0 1 -0.328205 -0.287327 
10 0 6.5 1 -0.325354 0.23219 
10 10 0 1 -0.424155 -0.0930637 
10 10 6.5 1 -0.42745 0.217289 
0 10 0 1 -0.0131413 -0.0648397 
0 10 6.5 1 0.00126959 0.186488 
0 5 10 1 0.130987 0.358827 
10 5 10 1 -0.391136 0.453758 
0 6 0 1 0.0701093 -0.104152 
0 8 0 1 0.0255761 -0.0831226 
0 8 5 1 0.0386627 0.121583 
0 6 5 1 0.085843 0.115721 
0 2 2.5 1 0.1943 -0.0310384 
0 4 2.5 1 0.131247 -0.0121712 
0 4 5 1 0.14099 0.10887 
0 2 5 1 0.206307 0.100756 
0.5 0.5 -0.5 1 0.212302 -0.212419 
0.5 0.5 6 1 0.247759 0.153304 
10.5 0.5 -0.5 1 -0.375775 -0.313858 
10.5 0.5 6 1 -0.377133 0.1919 
10.5 10.5 -0.5 1 -0.451699 -0.111458 
10.5 10.5 6 1 -0.456352 0.19397 
0.5 10.5 -0.5 1 -0.0397087 -0.0801239 
0.5 10.5 6 1 -0.0265392 0.167965 
0.5 5.5 9.5 1 0.0949741 0.333737 
10.5 5.5 9.5 1 -0.429558 0.419273 
0.5 6.5 -0.5 1 0.0386428 -0.121255 
0.5 8.5 -0.5 1 -0.00324053 -0.0992681 
0.5 8.5 4.5 1 0.00873499 0.102638 
0.5 6.5 4.5 1 0.0530528 0.0953892 
0.5 2.5 2 1 0.154867 -0.0525487 
0.5 4.5 2 1 0.0958328 -0.0321613 
0.5 4.5 4.5 1 0.104757 0.0869319 
0.5 2.5 4.5 1 0.165864 0.0769368 
