0 0 0 1 -0.31864 -0.19457 
0 0 6.5 1 -0.351198 0.0873519 
10 0 0 1 0.0809222 -0.130082 
10 0 6.5 1 0.0578997 0.118968 
10 10 0 1 0.31535 -0.218413 
10 10 6.5 1 0.284113 0.174169 
0 10 0 1 -0.311164 -0.348299 
0 10 6.5 1 -0.366994 0.132688 
0 5 10 1 -0.379847 0.301459 
10 5 10 1 0.1307 0.308835 
0 6 0 1 -0.315138 -0.26659 
0 8 0 1 -0.313396 -0.302416 
0 8 5 1 -0.350762 0.0199954 
0 6 5 1 -0.34837 0.0204953 
0 2 2.5 1 -0.331198 -0.0973026 
0 4 2.5 1 -0.331388 -0.109419 
0 4 5 1 -0.346458 0.0208951 
0 2 5 1 -0.344895 0.021222 
0.5 0.5 -0.5 1 -0.292975 -0.21706 
0.5 0.5 6 1 -0.325541 0.0681838 
10.5 0.5 -0.5 1 0.108049 -0.149154 
10.5 0.5 6 1 0.0851487 0.102486 
10.5 10.5 -0.5 1 0.362459 -0.250163 
10.5 10.5 6 1 0.331721 0.148893 
0.5 10.5 -0.5 1 -0.266923 -0.390319 
0.5 10.5 6 1 -0.322774 0.100413 
0.5 5.5 9.5 1 -0.347394 0.280449 
10.5 5.5 9.5 1 0.165554 0.29109 
0.5 6.5 -0.5 1 -0.280829 -0.297839 
0.5 8.5 -0.5 1 -0.274748 -0.338278 
0.5 8.5 4.5 1 -0.312124 -0.0101913 
0.5 6.5 4.5 1 -0.31407 -0.00626143 
0.5 2.5 2 1 -0.303182 -0.120634 
0.5 4.5 2 1 -0.300543 -0.135296 
0.5 4.5 4.5 1 -0.315619 -0.00313168 
0.5 2.5 4.5 1 -0.316883 -0.000580244 
