0 0 0 1 -0.456537 -0.362356 
0 0 6.5 1 -0.447254 0.273997 
10 0 0 1 -0.252822 -0.119789 
10 0 6.5 1 -0.239272 0.204278 
10 10 0 1 0.231162 -0.149966 
10 10 6.5 1 0.265227 0.165226 
0 10 0 1 0.474431 -0.4095 
0 10 6.5 1 0.56274 0.19333 
0 5 10 1 0.100828 0.613121 
10 5 10 1 0.0297985 0.368403 
0 6 0 1 0.111753 -0.391134 
0 8 0 1 0.294655 -0.400396 
0 8 5 1 0.350203 0.0591266 
0 6 5 1 0.155821 0.0732515 
0 2 2.5 1 -0.254171 -0.142577 
0 4 2.5 1 -0.0587896 -0.154552 
0 4 5 1 -0.0421937 0.0876405 
0 2 5 1 -0.243946 0.102301 
0.5 0.5 -0.5 1 -0.392331 -0.384888 
0.5 0.5 6 1 -0.378165 0.213065 
10.5 0.5 -0.5 1 -0.224641 -0.13844 
10.5 0.5 6 1 -0.210279 0.1754 
10.5 10.5 -0.5 1 0.245521 -0.167387 
10.5 10.5 6 1 0.279218 0.138114 
0.5 10.5 -0.5 1 0.488787 -0.428725 
0.5 10.5 6 1 0.573411 0.139492 
0.5 5.5 9.5 1 0.139349 0.530886 
10.5 5.5 9.5 1 0.051208 0.334362 
0.5 6.5 -0.5 1 0.145055 -0.411624 
0.5 8.5 -0.5 1 0.318326 -0.420245 
0.5 8.5 4.5 1 0.372312 0.0131023 
0.5 6.5 4.5 1 0.188773 0.0260505 
0.5 2.5 2 1 -0.199496 -0.177483 
0.5 4.5 2 1 -0.0150535 -0.188518 
0.5 4.5 4.5 1 0.00199271 0.0392275 
0.5 2.5 4.5 1 -0.188116 0.0526392 
