0 0 0 1 -0.235765 -0.0175965 
0 0 6.5 1 -0.261365 0.250615 
10 0 0 1 0.157706 0.0104549 
10 0 6.5 1 0.150208 0.269819 
10 10 0 1 0.319127 -0.082927 
10 10 6.5 1 0.318356 0.340563 
0 10 0 1 -0.321054 -0.135034 
0 10 6.5 1 -0.371213 0.312566 
0 5 10 1 -0.322028 0.470493 
10 5 10 1 0.209941 0.484567 
0 6 0 1 -0.276349 -0.0734784 
0 8 0 1 -0.296122 -0.100704 
0 8 5 1 -0.328157 0.198305 
0 6 5 1 -0.304016 0.194425 
0 2 2.5 1 -0.257596 0.0758103 
0 4 2.5 1 -0.272191 0.0675238 
0 4 5 1 -0.284588 0.191302 
0 2 5 1 -0.268616 0.188735 
0.5 0.5 -0.5 1 -0.215763 -0.0397558 
0.5 0.5 6 1 -0.240839 0.231577 
10.5 0.5 -0.5 1 0.182572 -0.010497 
10.5 0.5 6 1 0.176063 0.251791 
10.5 10.5 -0.5 1 0.363364 -0.119213 
10.5 10.5 6 1 0.365849 0.312123 
0.5 10.5 -0.5 1 -0.289783 -0.174896 
0.5 10.5 6 1 -0.338801 0.281442 
0.5 5.5 9.5 1 -0.296446 0.450063 
10.5 5.5 9.5 1 0.244461 0.465411 
0.5 6.5 -0.5 1 -0.250806 -0.103735 
0.5 8.5 -0.5 1 -0.267997 -0.13512 
0.5 8.5 4.5 1 -0.299292 0.168921 
0.5 6.5 4.5 1 -0.277846 0.168206 
0.5 2.5 2 1 -0.235802 0.0527965 
0.5 4.5 2 1 -0.248536 0.0421206 
0.5 4.5 4.5 1 -0.260665 0.167632 
0.5 2.5 4.5 1 -0.24659 0.167163 
