0 0 0 1 -0.135179 -0.283798 
0 0 6.5 1 -0.162813 0.407675 
10 0 0 1 -0.247702 -0.0524182 
10 0 6.5 1 -0.269174 0.299563 
10 10 0 1 0.206376 -0.0106033 
10 10 6.5 1 0.215733 0.288856 
0 10 0 1 0.605865 -0.155166 
0 10 6.5 1 0.665138 0.358846 
0 5 10 1 0.33663 0.761818 
10 5 10 1 -0.0082719 0.486241 
0 6 0 1 0.35881 -0.19805 
0 8 0 1 0.488834 -0.17548 
0 8 5 1 0.525936 0.23068 
0 6 5 1 0.386453 0.230655 
0 2 2.5 1 0.0499665 -0.0222713 
0 4 2.5 1 0.220899 -0.00669872 
0 4 5 1 0.229003 0.230626 
0 2 5 1 0.0498766 0.230593 
0.5 0.5 -0.5 1 -0.0975092 -0.298242 
0.5 0.5 6 1 -0.117871 0.33793 
10.5 0.5 -0.5 1 -0.223372 -0.0686072 
10.5 0.5 6 1 -0.242331 0.268547 
10.5 10.5 -0.5 1 0.213046 -0.0257855 
10.5 10.5 6 1 0.222483 0.262885 
0.5 10.5 -0.5 1 0.596234 -0.17285 
0.5 10.5 6 1 0.651156 0.310073 
0.5 5.5 9.5 1 0.342453 0.673816 
10.5 5.5 9.5 1 0.00758345 0.449844 
0.5 6.5 -0.5 1 0.362305 -0.215132 
0.5 8.5 -0.5 1 0.485086 -0.19294 
0.5 8.5 4.5 1 0.51971 0.187981 
0.5 6.5 4.5 1 0.388527 0.185533 
0.5 2.5 2 1 0.0746787 -0.0539601 
0.5 4.5 2 1 0.233426 -0.0375429 
0.5 4.5 4.5 1 0.241559 0.182791 
0.5 2.5 4.5 1 0.075772 0.179698 
