0 0 0 1 -0.274285 -0.0650151 
0 0 6.5 1 -0.305294 0.208022 
10 0 0 1 0.12086 -0.022094 
10 0 6.5 1 0.104966 0.232204 
10 10 0 1 0.3138 -0.10213 
10 10 6.5 1 0.298102 0.308167 
0 10 0 1 -0.323422 -0.184361 
0 10 6.5 1 -0.379596 0.277045 
0 5 10 1 -0.355691 0.431051 
10 5 10 1 0.16883 0.440852 
0 6 0 1 -0.297495 -0.121389 
0 8 0 1 -0.308916 -0.149127 
0 8 5 1 -0.345679 0.159015 
0 6 5 1 -0.329802 0.153798 
0 2 2.5 1 -0.29347 0.0312102 
0 4 2.5 1 -0.302446 0.0233548 
0 4 5 1 -0.317077 0.149615 
0 2 5 1 -0.306648 0.146188 
0.5 0.5 -0.5 1 -0.251862 -0.0868564 
0.5 0.5 6 1 -0.282521 0.189334 
10.5 0.5 -0.5 1 0.146755 -0.0418019 
10.5 0.5 6 1 0.131501 0.215234 
10.5 10.5 -0.5 1 0.359522 -0.135539 
10.5 10.5 6 1 0.345953 0.281934 
0.5 10.5 -0.5 1 -0.286651 -0.22411 
0.5 10.5 6 1 -0.34196 0.246361 
0.5 5.5 9.5 1 -0.327027 0.410928 
10.5 5.5 9.5 1 0.203652 0.422808 
0.5 6.5 -0.5 1 -0.268213 -0.151367 
0.5 8.5 -0.5 1 -0.276312 -0.183319 
0.5 8.5 4.5 1 -0.312534 0.13005 
0.5 6.5 4.5 1 -0.300075 0.127985 
0.5 2.5 2 1 -0.268989 0.0085549 
0.5 4.5 2 1 -0.275686 -0.00168295 
0.5 4.5 4.5 1 -0.290131 0.126336 
0.5 2.5 4.5 1 -0.282011 0.124989 
