0 0 0 1 -0.307861 -0.157305 
0 0 6.5 1 -0.34065 0.121584 
10 0 0 1 0.0900204 -0.0985903 
10 0 6.5 1 0.0683205 0.15116 
10 10 0 1 0.313845 -0.183135 
10 10 6.5 1 0.285979 0.212851 
0 10 0 1 -0.315391 -0.299733 
0 10 6.5 1 -0.372077 0.174879 
0 5 10 1 -0.375512 0.338282 
10 5 10 1 0.138412 0.345843 
0 6 0 1 -0.311396 -0.224171 
0 8 0 1 -0.31315 -0.257341 
0 8 5 1 -0.35093 0.0604641 
0 6 5 1 -0.34494 0.0590356 
0 2 2.5 1 -0.322408 -0.0603487 
0 4 2.5 1 -0.324922 -0.0710418 
0 4 5 1 -0.340148 0.0578929 
0 2 5 1 -0.336227 0.0569579 
0.5 0.5 -0.5 1 -0.283028 -0.179515 
0.5 0.5 6 1 -0.315722 0.102632 
10.5 0.5 -0.5 1 0.116836 -0.117721 
10.5 0.5 6 1 0.0953909 0.134642 
10.5 10.5 -0.5 1 0.360619 -0.215108 
10.5 10.5 6 1 0.333658 0.187486 
0.5 10.5 -0.5 1 -0.273078 -0.340923 
0.5 10.5 6 1 -0.329503 0.143197 
0.5 5.5 9.5 1 -0.343999 0.317608 
10.5 5.5 9.5 1 0.173261 0.328115 
0.5 6.5 -0.5 1 -0.27838 -0.254924 
0.5 8.5 -0.5 1 -0.276059 -0.292573 
0.5 8.5 4.5 1 -0.313677 0.0307553 
0.5 6.5 4.5 1 -0.311794 0.0326617 
0.5 2.5 2 1 -0.295293 -0.0833882 
0.5 4.5 2 1 -0.295118 -0.0965694 
0.5 4.5 4.5 1 -0.310293 0.0341807 
0.5 2.5 4.5 1 -0.30907 0.0354194 
