0 0 0 1 -0.45988 -0.439208 
0 0 6.5 1 -0.466886 -0.093662 
10 0 0 1 -0.018186 -0.339704 
10 0 6.5 1 -0.0375962 -0.075134 
10 10 0 1 0.317225 -0.418925 
10 10 6.5 1 0.273036 -0.0258948 
0 10 0 1 -0.280634 -0.636092 
0 10 6.5 1 -0.305072 -0.0330814 
0 5 10 1 -0.413127 0.147047 
10 5 10 1 0.0737725 0.105397 
0 6 0 1 -0.37736 -0.529848 
0 8 0 1 -0.335365 -0.575975 
0 8 5 1 -0.349467 -0.166524 
0 6 5 1 -0.388112 -0.167975 
0 2 2.5 1 -0.440979 -0.314314 
0 4 2.5 1 -0.414886 -0.328089 
0 4 5 1 -0.419009 -0.169135 
0 2 5 1 -0.444275 -0.170083 
0.5 0.5 -0.5 1 -0.425106 -0.466299 
0.5 0.5 6 1 -0.433611 -0.116396 
10.5 0.5 -0.5 1 0.0117468 -0.359701 
10.5 0.5 6 1 -0.00875843 -0.0925761 
10.5 10.5 -0.5 1 0.365898 -0.449815 
10.5 10.5 6 1 0.318944 -0.0511234 
0.5 10.5 -0.5 1 -0.215931 -0.68749 
0.5 10.5 6 1 -0.245343 -0.0711344 
0.5 5.5 9.5 1 -0.371602 0.121874 
10.5 5.5 9.5 1 0.108414 0.0865441 
0.5 6.5 -0.5 1 -0.329194 -0.567721 
0.5 8.5 -0.5 1 -0.280132 -0.619602 
0.5 8.5 4.5 1 -0.297104 -0.202194 
0.5 6.5 4.5 1 -0.342148 -0.199639 
0.5 2.5 2 1 -0.403367 -0.342148 
0.5 4.5 2 1 -0.373082 -0.358959 
0.5 4.5 4.5 1 -0.378057 -0.197601 
0.5 2.5 4.5 1 -0.407354 -0.195939 
