0 0 0 1 -0.392717 -0.392739 
0 0 6.5 1 -0.394873 0.247325 
10 0 0 1 -0.251602 -0.120824 
10 0 6.5 1 -0.245051 0.206528 
10 10 0 1 0.227407 -0.134553 
10 10 6.5 1 0.258043 0.174601 
0 10 0 1 0.508668 -0.392555 
0 10 6.5 1 0.595866 0.181209 
0 5 10 1 0.157352 0.59367 
10 5 10 1 0.0246301 0.375561 
0 6 0 1 0.169311 -0.392624 
0 8 0 1 0.342251 -0.392589 
0 8 5 1 0.396554 0.0478422 
0 6 5 1 0.211357 0.057104 
0 2 2.5 1 -0.19091 -0.167053 
0 4 2.5 1 0.0032672 -0.171696 
0 4 5 1 0.0181701 0.0667654 
0 2 5 1 -0.183535 0.0768528 
0.5 0.5 -0.5 1 -0.332698 -0.409644 
0.5 0.5 6 1 -0.328513 0.188699 
10.5 0.5 -0.5 1 -0.224065 -0.137915 
10.5 0.5 6 1 -0.216283 0.178228 
10.5 10.5 -0.5 1 0.239944 -0.150409 
10.5 10.5 6 1 0.270285 0.148722 
0.5 10.5 -0.5 1 0.516866 -0.407957 
0.5 10.5 6 1 0.599915 0.132041 
0.5 5.5 9.5 1 0.189274 0.513295 
10.5 5.5 9.5 1 0.0449137 0.341908 
0.5 6.5 -0.5 1 0.19595 -0.408594 
0.5 8.5 -0.5 1 0.35933 -0.40827 
0.5 8.5 4.5 1 0.411803 0.006271 
0.5 6.5 4.5 1 0.237531 0.0141742 
0.5 2.5 2 1 -0.141502 -0.197226 
0.5 4.5 2 1 0.0407528 -0.201016 
0.5 4.5 4.5 1 0.0561808 0.0223984 
0.5 2.5 4.5 1 -0.132688 0.0309636 
