0 0 0 1 0.080689 -0.283563 
0 0 6.5 1 0.0407743 0.390728 
10 0 0 1 -0.242491 -0.106799 
10 0 6.5 1 -0.280601 0.252955 
10 10 0 1 0.167688 -0.0268344 
10 10 6.5 1 0.155285 0.254398 
0 10 0 1 0.608354 -0.0993167 
0 10 6.5 1 0.61774 0.343174 
0 5 10 1 0.389645 0.686725 
10 5 10 1 -0.0476553 0.436326 
0 6 0 1 0.447021 -0.15565 
0 8 0 1 0.533562 -0.125432 
0 8 5 1 0.537188 0.234158 
0 6 5 1 0.445897 0.232068 
0 2 2.5 1 0.217414 -0.0109435 
0 4 2.5 1 0.342008 0.0128018 
0 4 5 1 0.338052 0.229599 
0 2 5 1 0.208702 0.226638 
0.5 0.5 -0.5 1 0.0927972 -0.299202 
0.5 0.5 6 1 0.0570846 0.322164 
10.5 0.5 -0.5 1 -0.22305 -0.122498 
10.5 0.5 6 1 -0.25859 0.221651 
10.5 10.5 -0.5 1 0.170368 -0.0416755 
10.5 10.5 6 1 0.158471 0.229941 
0.5 10.5 -0.5 1 0.591693 -0.118576 
0.5 10.5 6 1 0.599563 0.300556 
0.5 5.5 9.5 1 0.381137 0.611425 
10.5 5.5 9.5 1 -0.0364906 0.401439 
0.5 6.5 -0.5 1 0.436612 -0.174723 
0.5 8.5 -0.5 1 0.519515 -0.144708 
0.5 8.5 4.5 1 0.522232 0.194865 
0.5 6.5 4.5 1 0.434979 0.189814 
0.5 2.5 2 1 0.219853 -0.0435393 
0.5 4.5 2 1 0.336753 -0.0185301 
0.5 4.5 4.5 1 0.332885 0.183905 
0.5 2.5 4.5 1 0.21181 0.176897 
