0 0 0 1 0.29791 -0.388013 
0 0 6.5 1 0.326087 0.0375103 
10 0 0 1 -0.381051 -0.344089 
10 0 6.5 1 -0.327273 0.107064 
10 10 0 1 -0.266045 -0.231435 
10 10 6.5 1 -0.236352 0.0354934 
0 10 0 1 0.139532 -0.262173 
0 10 6.5 1 0.159959 -0.00442388 
0 5 10 1 0.235369 0.177792 
10 5 10 1 -0.250531 0.235667 
0 6 0 1 0.184981 -0.298285 
0 8 0 1 0.1603 -0.278674 
0 8 5 1 0.177072 -0.0623429 
0 6 5 1 0.202849 -0.0615906 
0 2 2.5 1 0.261854 -0.203698 
0 4 2.5 1 0.224434 -0.189987 
0 4 5 1 0.233877 -0.0606851 
0 2 5 1 0.271943 -0.0595741 
0.5 0.5 -0.5 1 0.251956 -0.408814 
0.5 0.5 6 1 0.280888 0.00651004 
10.5 0.5 -0.5 1 -0.410896 -0.367462 
10.5 0.5 6 1 -0.357558 0.0722514 
10.5 10.5 -0.5 1 -0.285729 -0.247228 
10.5 10.5 6 1 -0.256117 0.0156562 
0.5 10.5 -0.5 1 0.114045 -0.276889 
0.5 10.5 6 1 0.134656 -0.0229146 
0.5 5.5 9.5 1 0.203044 0.151724 
10.5 5.5 9.5 1 -0.274561 0.207231 
0.5 6.5 -0.5 1 0.153919 -0.315032 
0.5 8.5 -0.5 1 0.132296 -0.294347 
0.5 8.5 4.5 1 0.149245 -0.0814693 
0.5 6.5 4.5 1 0.172014 -0.0824664 
0.5 2.5 2 1 0.222397 -0.226199 
0.5 4.5 2 1 0.189733 -0.210506 
0.5 4.5 4.5 1 0.199326 -0.0836624 
0.5 2.5 4.5 1 0.232693 -0.0851235 
