0 0 0 1 -0.664962 -0.557831 
0 0 6.5 1 -0.602409 -0.0996169 
10 0 0 1 -0.16728 -0.433117 
10 0 6.5 1 -0.152965 -0.138249 
10 10 0 1 0.270734 -0.522518 
10 10 6.5 1 0.258466 -0.128073 
0 10 0 1 -0.144095 -0.81347 
0 10 6.5 1 -0.112839 -0.0589193 
0 5 10 1 -0.38612 0.178245 
10 5 10 1 0.0270145 0.0312577 
0 6 0 1 -0.417706 -0.679183 
0 8 0 1 -0.296851 -0.738498 
0 8 5 1 -0.260715 -0.210479 
0 6 5 1 -0.37503 -0.206643 
0 2 2.5 1 -0.571788 -0.389035 
0 4 2.5 1 -0.491626 -0.408891 
0 4 5 1 -0.469362 -0.203478 
0 2 5 1 -0.548529 -0.200822 
0.5 0.5 -0.5 1 -0.615629 -0.594108 
0.5 0.5 6 1 -0.557204 -0.133569 
10.5 0.5 -0.5 1 -0.136241 -0.456423 
10.5 0.5 6 1 -0.123612 -0.160571 
10.5 10.5 -0.5 1 0.311748 -0.553628 
10.5 10.5 6 1 0.296585 -0.157457 
0.5 10.5 -0.5 1 -0.0636157 -0.872975 
0.5 10.5 6 1 -0.0427959 -0.11243 
0.5 5.5 9.5 1 -0.334022 0.138397 
10.5 5.5 9.5 1 0.0591204 0.00652872 
0.5 6.5 -0.5 1 -0.353449 -0.726557 
0.5 8.5 -0.5 1 -0.22539 -0.79125 
0.5 8.5 4.5 1 -0.195854 -0.25949 
0.5 6.5 4.5 1 -0.316159 -0.250976 
0.5 2.5 2 1 -0.520275 -0.427296 
0.5 4.5 2 1 -0.435583 -0.450587 
0.5 4.5 4.5 1 -0.415469 -0.243948 
0.5 2.5 4.5 1 -0.498839 -0.238048 
