0 0 0 1 0.258723 -0.251911 
0 0 6.5 1 0.302582 0.127681 
10 0 0 1 -0.356993 -0.302793 
10 0 6.5 1 -0.334894 0.193417 
10 10 0 1 -0.38458 -0.119133 
10 10 6.5 1 -0.372713 0.174197 
0 10 0 1 0.0219349 -0.11342 
0 10 6.5 1 0.0434702 0.134846 
0 5 10 1 0.161642 0.302403 
10 5 10 1 -0.349964 0.393015 
0 6 0 1 0.0937917 -0.155447 
0 8 0 1 0.0551882 -0.132869 
0 8 5 1 0.0736738 0.0708697 
0 6 5 1 0.114774 0.0645259 
0 2 2.5 1 0.207058 -0.084699 
0 4 2.5 1 0.151043 -0.0640845 
0 4 5 1 0.163263 0.0570417 
0 2 5 1 0.221329 0.0480792 
0.5 0.5 -0.5 1 0.214462 -0.270899 
0.5 0.5 6 1 0.255591 0.100769 
10.5 0.5 -0.5 1 -0.399864 -0.326125 
10.5 0.5 6 1 -0.380723 0.156627 
10.5 10.5 -0.5 1 -0.409837 -0.135632 
10.5 10.5 6 1 -0.398972 0.152957 
0.5 10.5 -0.5 1 -0.00437707 -0.127541 
0.5 10.5 6 1 0.0161618 0.117318 
0.5 5.5 9.5 1 0.126113 0.278224 
10.5 5.5 9.5 1 -0.384282 0.361553 
0.5 6.5 -0.5 1 0.0623215 -0.171234 
0.5 8.5 -0.5 1 0.0265206 -0.147781 
0.5 8.5 4.5 1 0.0441084 0.052974 
0.5 6.5 4.5 1 0.0822283 0.045264 
0.5 2.5 2 1 0.167237 -0.104905 
0.5 4.5 2 1 0.115543 -0.0828361 
0.5 4.5 4.5 1 0.127097 0.036189 
0.5 2.5 4.5 1 0.180679 0.0253514 
