0 0 0 1 0.305643 -0.445909 
0 0 6.5 1 0.327571 -0.00784912 
10 0 0 1 -0.38267 -0.397678 
10 0 6.5 1 -0.328389 0.0519082 
10 10 0 1 -0.248581 -0.27616 
10 10 6.5 1 -0.219688 -0.00952504 
0 10 0 1 0.159789 -0.307264 
0 10 6.5 1 0.177075 -0.0447168 
0 5 10 1 0.244022 0.136997 
10 5 10 1 -0.24117 0.18437 
0 6 0 1 0.201313 -0.346735 
0 8 0 1 0.178731 -0.325269 
0 8 5 1 0.192826 -0.104217 
0 6 5 1 0.216165 -0.104436 
0 2 2.5 1 0.270919 -0.25267 
0 4 2.5 1 0.236622 -0.236864 
0 4 5 1 0.244331 -0.1047 
0 2 5 1 0.278991 -0.105025 
0.5 0.5 -0.5 1 0.259656 -0.46664 
0.5 0.5 6 1 0.282998 -0.0393193 
10.5 0.5 -0.5 1 -0.410397 -0.420454 
10.5 0.5 6 1 -0.356362 0.0178415 
10.5 10.5 -0.5 1 -0.267404 -0.291816 
10.5 10.5 6 1 -0.23848 -0.0291883 
0.5 10.5 -0.5 1 0.134471 -0.322106 
0.5 10.5 6 1 0.152149 -0.0634478 
0.5 5.5 9.5 1 0.212351 0.110587 
10.5 5.5 9.5 1 -0.2637 0.156399 
0.5 6.5 -0.5 1 0.170397 -0.363585 
0.5 8.5 -0.5 1 0.150888 -0.34106 
0.5 8.5 4.5 1 0.165355 -0.123591 
0.5 6.5 4.5 1 0.185717 -0.125585 
0.5 2.5 2 1 0.231726 -0.27539 
0.5 4.5 2 1 0.202192 -0.257596 
0.5 4.5 4.5 1 0.210199 -0.127983 
0.5 2.5 4.5 1 0.240192 -0.130921 
