0 0 0 1 0.293456 -0.355748 
0 0 6.5 1 0.325302 0.063019 
10 0 0 1 -0.379826 -0.315039 
10 0 6.5 1 -0.326959 0.138742 
10 10 0 1 -0.277541 -0.205077 
10 10 6.5 1 -0.247772 0.0628293 
0 10 0 1 0.126792 -0.235276 
0 10 6.5 1 0.148905 0.0200311 
0 5 10 1 0.229716 0.202249 
10 5 10 1 -0.257401 0.26695 
0 6 0 1 0.174866 -0.270025 
0 8 0 1 0.148785 -0.251173 
0 8 5 1 0.167006 -0.0373329 
0 6 5 1 0.194392 -0.0363212 
0 2 2.5 1 0.25635 -0.17589 
0 4 2.5 1 0.216881 -0.162922 
0 4 5 1 0.227304 -0.0351053 
0 2 5 1 0.267605 -0.0336164 
0.5 0.5 -0.5 1 0.247519 -0.376468 
0.5 0.5 6 1 0.279691 0.0323787 
10.5 0.5 -0.5 1 -0.411062 -0.338673 
10.5 0.5 6 1 -0.358796 0.103487 
10.5 10.5 -0.5 1 -0.297794 -0.220938 
10.5 10.5 6 1 -0.268186 0.0428763 
0.5 10.5 -0.5 1 0.10119 -0.24989 
0.5 10.5 6 1 0.123348 0.00169662 
0.5 5.5 9.5 1 0.196954 0.176401 
10.5 5.5 9.5 1 -0.282442 0.238194 
0.5 6.5 -0.5 1 0.143701 -0.286663 
0.5 8.5 -0.5 1 0.120668 -0.266739 
0.5 8.5 4.5 1 0.138939 -0.0562885 
0.5 6.5 4.5 1 0.163298 -0.057001 
0.5 2.5 2 1 0.216719 -0.198184 
0.5 4.5 2 1 0.181997 -0.183258 
0.5 4.5 4.5 1 0.192476 -0.0578543 
0.5 2.5 4.5 1 0.228056 -0.0588949 
