0 0 0 1 -0.307568 -0.392557 
0 0 6.5 1 -0.320809 0.256334 
10 0 0 1 -0.249129 -0.108888 
10 0 6.5 1 -0.251847 0.224283 
10 10 0 1 0.22259 -0.101285 
10 10 6.5 1 0.247408 0.202557 
0 10 0 1 0.547811 -0.335917 
0 10 6.5 1 0.629889 0.210079 
0 5 10 1 0.225799 0.61275 
10 5 10 1 0.0167293 0.400535 
0 6 0 1 0.238785 -0.356379 
0 8 0 1 0.398128 -0.345828 
0 8 5 1 0.449168 0.0769316 
0 6 5 1 0.277689 0.0802938 
0 2 2.5 1 -0.108689 -0.156434 
0 4 2.5 1 0.0807354 -0.151649 
0 4 5 1 0.0937372 0.0839005 
0 2 5 1 -0.104099 0.0877794 
0.5 0.5 -0.5 1 -0.254059 -0.405083 
0.5 0.5 6 1 -0.259874 0.19807 
10.5 0.5 -0.5 1 -0.222549 -0.124717 
10.5 0.5 6 1 -0.223543 0.196057 
10.5 10.5 -0.5 1 0.233 -0.116043 
10.5 10.5 6 1 0.257624 0.177454 
0.5 10.5 -0.5 1 0.549149 -0.349589 
0.5 10.5 6 1 0.626658 0.163698 
0.5 5.5 9.5 1 0.248836 0.532488 
10.5 5.5 9.5 1 0.0355534 0.36675 
0.5 6.5 -0.5 1 0.257254 -0.369756 
0.5 8.5 -0.5 1 0.40752 -0.359374 
0.5 8.5 4.5 1 0.456357 0.0378722 
0.5 6.5 4.5 1 0.295354 0.0397448 
0.5 2.5 2 1 -0.0669142 -0.183523 
0.5 4.5 2 1 0.109924 -0.178134 
0.5 4.5 4.5 1 0.123363 0.0417451 
0.5 2.5 4.5 1 -0.0607799 0.0438868 
