0 0 0 1 0.287822 -0.430626 
0 0 6.5 1 0.256664 -0.0854248 
10 0 0 1 0.577531 -0.706752 
10 0 6.5 1 0.483014 0.00593328 
10 10 0 1 -0.528359 -0.747529 
10 10 6.5 1 -0.49726 -0.0410017 
0 10 0 1 -0.241502 -0.452484 
0 10 6.5 1 -0.242072 -0.108685 
0 5 10 1 -0.00141485 0.0724688 
10 5 10 1 -0.0246597 0.301686 
0 6 0 1 -0.0308127 -0.443784 
0 8 0 1 -0.13633 -0.448141 
0 8 5 1 -0.141482 -0.17991 
0 6 5 1 -0.0407041 -0.175329 
0 2 2.5 1 0.171307 -0.297482 
0 4 2.5 1 0.0675517 -0.301987 
0 4 5 1 0.0603898 -0.170733 
0 2 5 1 0.161801 -0.166123 
0.5 0.5 -0.5 1 0.270042 -0.467617 
0.5 0.5 6 1 0.239021 -0.110008 
10.5 0.5 -0.5 1 0.558681 -0.806027 
10.5 0.5 6 1 0.460765 -0.0385262 
10.5 10.5 -0.5 1 -0.621072 -0.847742 
10.5 10.5 6 1 -0.577108 -0.0875265 
0.5 10.5 -0.5 1 -0.275634 -0.489845 
0.5 10.5 6 1 -0.274205 -0.133755 
0.5 5.5 9.5 1 -0.0258104 0.0532469 
10.5 5.5 9.5 1 -0.0738117 0.276815 
0.5 6.5 -0.5 1 -0.0584691 -0.480999 
0.5 8.5 -0.5 1 -0.167234 -0.485429 
0.5 8.5 4.5 1 -0.171116 -0.207489 
0.5 6.5 4.5 1 -0.0673786 -0.202816 
0.5 2.5 2 1 0.150408 -0.329454 
0.5 4.5 2 1 0.0435133 -0.334045 
0.5 4.5 4.5 1 0.0366932 -0.198127 
0.5 2.5 4.5 1 0.141101 -0.193423 
