0 0 0 1 0.0645201 -0.269842 
0 0 6.5 1 0.0255549 0.410154 
10 0 0 1 -0.243788 -0.0933726 
10 0 6.5 1 -0.281198 0.266804 
10 10 0 1 0.17068 -0.017066 
10 10 6.5 1 0.159723 0.266173 
0 10 0 1 0.610167 -0.0914369 
0 10 6.5 1 0.623409 0.357872 
0 5 10 1 0.388046 0.709791 
10 5 10 1 -0.0454542 0.450472 
0 6 0 1 0.442429 -0.146281 
0 8 0 1 0.532306 -0.116895 
0 8 5 1 0.538641 0.247522 
0 6 5 1 0.44373 0.246175 
0 2 2.5 1 0.206067 0.00250969 
0 4 2.5 1 0.334793 0.0250815 
0 4 5 1 0.331879 0.244587 
0 2 5 1 0.198111 0.242687 
0.5 0.5 -0.5 1 0.0786396 -0.286071 
0.5 0.5 6 1 0.0440941 0.339995 
10.5 0.5 -0.5 1 -0.223862 -0.109331 
10.5 0.5 6 1 -0.258658 0.235165 
10.5 10.5 -0.5 1 0.173651 -0.0320848 
10.5 10.5 6 1 0.163173 0.241378 
0.5 10.5 -0.5 1 0.593806 -0.110997 
0.5 10.5 6 1 0.605286 0.314187 
0.5 5.5 9.5 1 0.380282 0.632298 
10.5 5.5 9.5 1 -0.0338697 0.415111 
0.5 6.5 -0.5 1 0.432834 -0.165701 
0.5 8.5 -0.5 1 0.518792 -0.13649 
0.5 8.5 4.5 1 0.524058 0.207331 
0.5 6.5 4.5 1 0.433502 0.202959 
0.5 2.5 2 1 0.210065 -0.0308082 
0.5 4.5 2 1 0.330657 -0.00690394 
0.5 4.5 4.5 1 0.327795 0.197855 
0.5 2.5 4.5 1 0.20279 0.191819 
