0 0 0 1 0.399386 -0.493876 
0 0 6.5 1 0.335813 0.0579935 
10 0 0 1 -0.2666 -0.433914 
10 0 6.5 1 -0.272716 -0.031031 
10 10 0 1 0.014408 -0.326435 
10 10 6.5 1 -0.00095076 -0.0651559 
0 10 0 1 0.453787 -0.33667 
0 10 6.5 1 0.413772 -0.020005 
0 5 10 1 0.360847 0.205715 
10 5 10 1 -0.115501 0.106651 
0 6 0 1 0.438873 -0.379769 
0 8 0 1 0.447038 -0.356174 
0 8 5 1 0.413353 -0.0865895 
0 6 5 1 0.402189 -0.0821257 
0 2 2.5 1 0.393106 -0.252288 
0 4 2.5 1 0.408145 -0.238468 
0 4 5 1 0.38854 -0.076669 
0 2 5 1 0.371476 -0.0698464 
0.5 0.5 -0.5 1 0.364988 -0.520763 
0.5 0.5 6 1 0.306971 0.00868306 
10.5 0.5 -0.5 1 -0.268215 -0.45564 
10.5 0.5 6 1 -0.274033 -0.0648348 
10.5 10.5 -0.5 1 0.00688351 -0.343099 
10.5 10.5 6 1 -0.007839 -0.086942 
0.5 10.5 -0.5 1 0.43236 -0.356626 
0.5 10.5 6 1 0.394428 -0.0474485 
0.5 5.5 9.5 1 0.339106 0.165157 
10.5 5.5 9.5 1 -0.120596 0.0767137 
0.5 6.5 -0.5 1 0.413604 -0.40232 
0.5 8.5 -0.5 1 0.423845 -0.377371 
0.5 8.5 4.5 1 0.39208 -0.114836 
0.5 6.5 4.5 1 0.379213 -0.113252 
0.5 2.5 2 1 0.364181 -0.285003 
0.5 4.5 2 1 0.381851 -0.268091 
0.5 4.5 4.5 1 0.363586 -0.111329 
0.5 2.5 4.5 1 0.344204 -0.108943 
