0 0 0 1 -0.32411 -0.213729 
0 0 6.5 1 -0.356396 0.0700038 
10 0 0 1 0.076499 -0.146277 
10 0 6.5 1 0.0529292 0.102636 
10 10 0 1 0.316308 -0.236614 
10 10 6.5 1 0.283511 0.154649 
0 10 0 1 -0.308942 -0.373454 
0 10 6.5 1 -0.364174 0.111322 
0 5 10 1 -0.381771 0.282973 
10 5 10 1 0.127202 0.290262 
0 6 0 1 -0.317011 -0.288476 
0 8 0 1 -0.313475 -0.325712 
0 8 5 1 -0.350503 -0.000598082 
0 6 5 1 -0.349958 0.000888782 
0 2 2.5 1 -0.335594 -0.116208 
0 4 2.5 1 -0.334594 -0.129066 
0 4 5 1 -0.349522 0.00207729 
0 2 5 1 -0.349166 0.00304905 
0.5 0.5 -0.5 1 -0.298019 -0.236386 
0.5 0.5 6 1 -0.330371 0.0507072 
10.5 0.5 -0.5 1 0.103784 -0.165341 
10.5 0.5 6 1 0.08027 0.0861566 
10.5 10.5 -0.5 1 0.363587 -0.268288 
10.5 10.5 6 1 0.331086 0.129397 
0.5 10.5 -0.5 1 -0.263712 -0.415945 
0.5 10.5 6 1 -0.319125 0.0787185 
0.5 5.5 9.5 1 -0.348846 0.261775 
10.5 5.5 9.5 1 0.162062 0.272494 
0.5 6.5 -0.5 1 -0.282041 -0.320011 
0.5 8.5 -0.5 1 -0.274031 -0.361935 
0.5 8.5 4.5 1 -0.311163 -0.0310559 
0.5 6.5 4.5 1 -0.315072 -0.0260881 
0.5 2.5 2 1 -0.307118 -0.139711 
0.5 4.5 2 1 -0.303219 -0.155147 
0.5 4.5 4.5 1 -0.318184 -0.0221326 
0.5 2.5 4.5 1 -0.32072 -0.0189085 
