0 0 0 1 0.291517 -0.373581 
0 0 6.5 1 0.256407 -0.0304078 
10 0 0 1 0.514816 -0.61747 
10 0 6.5 1 0.422077 0.0909232 
10 10 0 1 -0.552337 -0.644572 
10 10 6.5 1 -0.53723 0.0151035 
0 10 0 1 -0.22893 -0.396698 
0 10 6.5 1 -0.237025 -0.0653251 
0 5 10 1 -0.00554461 0.11967 
10 5 10 1 -0.091548 0.366603 
0 6 0 1 -0.025786 -0.387675 
0 8 0 1 -0.12817 -0.392223 
0 8 5 1 -0.138417 -0.132574 
0 6 5 1 -0.0401058 -0.126192 
0 2 2.5 1 0.172357 -0.243062 
0 4 2.5 1 0.068816 -0.248742 
0 4 5 1 0.0597409 -0.119711 
0 2 5 1 0.161159 -0.113127 
0.5 0.5 -0.5 1 0.272019 -0.40942 
0.5 0.5 6 1 0.236967 -0.0548777 
10.5 0.5 -0.5 1 0.486578 -0.710867 
10.5 0.5 6 1 0.391641 0.0476789 
10.5 10.5 -0.5 1 -0.64013 -0.73164 
10.5 10.5 6 1 -0.615478 -0.0288086 
0.5 10.5 -0.5 1 -0.262191 -0.431722 
0.5 10.5 6 1 -0.268815 -0.0897749 
0.5 5.5 9.5 1 -0.030986 0.100286 
10.5 5.5 9.5 1 -0.145661 0.341452 
0.5 6.5 -0.5 1 -0.0538214 -0.423023 
0.5 8.5 -0.5 1 -0.158863 -0.427409 
0.5 8.5 4.5 1 -0.168167 -0.15933 
0.5 6.5 4.5 1 -0.0674088 -0.152987 
0.5 2.5 2 1 0.150051 -0.274164 
0.5 4.5 2 1 0.0437856 -0.27975 
0.5 4.5 4.5 1 0.0349662 -0.146542 
0.5 2.5 4.5 1 0.138997 -0.139993 
