0 0 0 1 0.272487 -0.277412 
0 0 6.5 1 0.316025 0.117998 
10 0 0 1 -0.373521 -0.272887 
10 0 6.5 1 -0.332889 0.204966 
10 10 0 1 -0.337206 -0.132685 
10 10 6.5 1 -0.313147 0.147153 
0 10 0 1 0.0666469 -0.150565 
0 10 6.5 1 0.0919907 0.0988248 
0 5 10 1 0.195973 0.273932 
10 5 10 1 -0.303795 0.362512 
0 6 0 1 0.127609 -0.188133 
0 8 0 1 0.0947005 -0.167853 
0 8 5 1 0.115938 0.0387879 
0 6 5 1 0.150986 0.0363683 
0 2 2.5 1 0.228626 -0.106425 
0 4 2.5 1 0.179683 -0.0899658 
0 4 5 1 0.192737 0.033486 
0 2 5 1 0.243317 0.029994 
0.5 0.5 -0.5 1 0.22706 -0.29671 
0.5 0.5 6 1 0.26897 0.0898129 
10.5 0.5 -0.5 1 -0.411403 -0.296146 
10.5 0.5 6 1 -0.372517 0.168789 
10.5 10.5 -0.5 1 -0.360231 -0.148619 
10.5 10.5 6 1 -0.336788 0.12674 
0.5 10.5 -0.5 1 0.0405517 -0.164572 
0.5 10.5 6 1 0.065299 0.0812547 
0.5 5.5 9.5 1 0.161308 0.249305 
10.5 5.5 9.5 1 -0.333951 0.332425 
0.5 6.5 -0.5 1 0.0960975 -0.203925 
0.5 8.5 -0.5 1 0.0661453 -0.182704 
0.5 8.5 4.5 1 0.0868436 0.020759 
0.5 6.5 4.5 1 0.118829 0.0168301 
0.5 2.5 2 1 0.1885 -0.127135 
0.5 4.5 2 1 0.144166 -0.109027 
0.5 4.5 4.5 1 0.156824 0.0121629 
0.5 2.5 4.5 1 0.202699 0.00652785 
