0 0 0 1 0.264588 -0.267281 
0 0 6.5 1 0.309262 0.119858 
10 0 0 1 -0.367508 -0.289002 
10 0 6.5 1 -0.335407 0.198284 
10 10 0 1 -0.361334 -0.125199 
10 10 6.5 1 -0.342581 0.161013 
0 10 0 1 0.0436729 -0.132368 
0 10 6.5 1 0.0677799 0.116102 
0 5 10 1 0.179174 0.286538 
10 5 10 1 -0.326639 0.377401 
0 6 0 1 0.109885 -0.172804 
0 8 0 1 0.0742258 -0.151026 
0 8 5 1 0.0946209 0.0538684 
0 6 5 1 0.132631 0.0491334 
0 2 2.5 1 0.21719 -0.0977304 
0 4 2.5 1 0.164756 -0.0786503 
0 4 5 1 0.177704 0.0435185 
0 2 5 1 0.232011 0.0367533 
0.5 0.5 -0.5 1 0.219691 -0.286163 
0.5 0.5 6 1 0.262121 0.0925533 
10.5 0.5 -0.5 1 -0.407891 -0.311978 
10.5 0.5 6 1 -0.378114 0.162042 
10.5 10.5 -0.5 1 -0.385452 -0.141263 
10.5 10.5 6 1 -0.367507 0.140325 
0.5 10.5 -0.5 1 0.0174606 -0.146296 
0.5 10.5 6 1 0.040755 0.0986808 
0.5 5.5 9.5 1 0.144009 0.262286 
10.5 5.5 9.5 1 -0.358848 0.346789 
0.5 6.5 -0.5 1 0.0783739 -0.188425 
0.5 8.5 -0.5 1 0.0456006 -0.165758 
0.5 8.5 4.5 1 0.0652616 0.0360502 
0.5 6.5 4.5 1 0.100239 0.0298947 
0.5 2.5 2 1 0.177159 -0.117968 
0.5 4.5 2 1 0.129206 -0.0973673 
0.5 4.5 4.5 1 0.14161 0.0226143 
0.5 2.5 4.5 1 0.191302 0.0138694 
