0 0 0 1 0.333682 -0.545124 
0 0 6.5 1 0.268925 0.0611334 
10 0 0 1 -0.22563 -0.389485 
10 0 6.5 1 -0.26027 -0.0146896 
10 10 0 1 0.109318 -0.25312 
10 10 6.5 1 0.0827696 0.00799644 
0 10 0 1 0.559529 -0.294766 
0 10 6.5 1 0.519143 0.0609699 
0 5 10 1 0.399908 0.298076 
10 5 10 1 -0.0744061 0.162321 
0 6 0 1 0.496024 -0.365164 
0 8 0 1 0.530637 -0.326794 
0 8 5 1 0.49695 -0.0277872 
0 6 5 1 0.459332 -0.0364754 
0 2 2.5 1 0.378724 -0.264153 
0 4 2.5 1 0.433567 -0.228624 
0 4 5 1 0.413527 -0.0470547 
0 2 5 1 0.356534 -0.0602178 
0.5 0.5 -0.5 1 0.313944 -0.55775 
0.5 0.5 6 1 0.253377 0.0122504 
10.5 0.5 -0.5 1 -0.216533 -0.403463 
10.5 0.5 6 1 -0.249938 -0.0428467 
10.5 10.5 -0.5 1 0.106625 -0.266688 
10.5 10.5 6 1 0.0808119 -0.0125331 
0.5 10.5 -0.5 1 0.53935 -0.311565 
0.5 10.5 6 1 0.500618 0.0313732 
0.5 5.5 9.5 1 0.382346 0.250746 
10.5 5.5 9.5 1 -0.0717371 0.133512 
0.5 6.5 -0.5 1 0.474798 -0.382067 
0.5 8.5 -0.5 1 0.509866 -0.343767 
0.5 8.5 4.5 1 0.477672 -0.056476 
0.5 6.5 4.5 1 0.439874 -0.0674814 
0.5 2.5 2 1 0.358966 -0.290315 
0.5 4.5 2 1 0.413231 -0.253769 
0.5 4.5 4.5 1 0.394243 -0.0807677 
0.5 2.5 4.5 1 0.338061 -0.0971259 
