0 0 0 1 -0.666225 -0.365889 
0 0 6.5 1 -0.596554 0.188846 
10 0 0 1 -0.247924 -0.230744 
10 0 6.5 1 -0.215214 0.0727114 
10 10 0 1 0.234099 -0.305741 
10 10 6.5 1 0.263743 0.0384657 
0 10 0 1 0.215588 -0.557951 
0 10 6.5 1 0.276461 0.150022 
0 5 10 1 -0.176499 0.492785 
10 5 10 1 0.0261759 0.22653 
0 6 0 1 -0.189398 -0.469744 
0 8 0 1 0.00257493 -0.511556 
0 8 5 1 0.0521924 0.00805227 
0 6 5 1 -0.138018 0.0238528 
0 2 2.5 1 -0.494597 -0.170821 
0 4 2.5 1 -0.336723 -0.194381 
0 4 5 1 -0.310695 0.0381968 
0 2 5 1 -0.468156 0.0512768 
0.5 0.5 -0.5 1 -0.600592 -0.403648 
0.5 0.5 6 1 -0.534412 0.13662 
10.5 0.5 -0.5 1 -0.218284 -0.253674 
10.5 0.5 6 1 -0.186471 0.045401 
10.5 10.5 -0.5 1 0.259077 -0.330331 
10.5 10.5 6 1 0.287831 0.00824885 
0.5 10.5 -0.5 1 0.26693 -0.598796 
0.5 10.5 6 1 0.324151 0.0857618 
0.5 5.5 9.5 1 -0.121046 0.426202 
10.5 5.5 9.5 1 0.0525013 0.195293 
0.5 6.5 -0.5 1 -0.129824 -0.509547 
0.5 8.5 -0.5 1 0.0585977 -0.551932 
0.5 8.5 4.5 1 0.105329 -0.0487478 
0.5 6.5 4.5 1 -0.0813265 -0.0307919 
0.5 2.5 2 1 -0.431798 -0.215566 
0.5 4.5 2 1 -0.275927 -0.240424 
0.5 4.5 4.5 1 -0.251298 -0.0144409 
0.5 2.5 4.5 1 -0.406727 0.000511082 
