0 0 0 1 -0.262041 -0.0437745 
0 0 6.5 1 -0.291633 0.227758 
10 0 0 1 0.132558 -0.00576391 
10 0 6.5 1 0.1192 0.250362 
10 10 0 1 0.315219 -0.0880496 
10 10 6.5 1 0.304244 0.327238 
0 10 0 1 -0.323812 -0.16018 
0 10 6.5 1 -0.378621 0.297198 
0 5 10 1 -0.346041 0.451082 
10 5 10 1 0.181534 0.462281 
0 6 0 1 -0.291284 -0.098883 
0 8 0 1 -0.30563 -0.125917 
0 8 5 1 -0.341234 0.179429 
0 6 5 1 -0.322419 0.17405 
0 2 2.5 1 -0.282318 0.051834 
0 4 2.5 1 -0.293258 0.0442095 
0 4 5 1 -0.307322 0.169733 
0 2 5 1 -0.29494 0.166194 
0.5 0.5 -0.5 1 -0.240417 -0.0656524 
0.5 0.5 6 1 -0.269591 0.209017 
10.5 0.5 -0.5 1 0.15813 -0.0258127 
10.5 0.5 6 1 0.145535 0.233109 
10.5 10.5 -0.5 1 0.360517 -0.122251 
10.5 10.5 6 1 0.352066 0.300436 
0.5 10.5 -0.5 1 -0.288863 -0.199811 
0.5 10.5 6 1 -0.342682 0.266526 
0.5 5.5 9.5 1 -0.318369 0.430953 
10.5 5.5 9.5 1 0.216305 0.443964 
0.5 6.5 -0.5 1 -0.263237 -0.128847 
0.5 8.5 -0.5 1 -0.274507 -0.160057 
0.5 8.5 4.5 1 -0.309485 0.150448 
0.5 6.5 4.5 1 -0.293852 0.148203 
0.5 2.5 2 1 -0.258719 0.0291352 
0.5 4.5 2 1 -0.267517 0.0191377 
0.5 4.5 4.5 1 -0.281362 0.14641 
0.5 2.5 4.5 1 -0.271155 0.144945 
