0 0 0 1 -0.280172 -0.077624 
0 0 6.5 1 -0.311737 0.196189 
10 0 0 1 0.115277 -0.0322091 
10 0 6.5 1 0.0982245 0.221182 
10 10 0 1 0.313325 -0.111927 
10 10 6.5 1 0.295384 0.295796 
0 10 0 1 -0.322757 -0.199383 
0 10 6.5 1 -0.379376 0.263959 
0 5 10 1 -0.359901 0.418624 
10 5 10 1 0.162942 0.427826 
0 6 0 1 -0.300266 -0.135077 
0 8 0 1 -0.310168 -0.163386 
0 8 5 1 -0.347351 0.146145 
0 6 5 1 -0.333015 0.141242 
0 2 2.5 1 -0.298726 0.0188058 
0 4 2.5 1 -0.306685 0.0106874 
0 4 5 1 -0.321528 0.137314 
0 2 5 1 -0.312119 0.134096 
0.5 0.5 -0.5 1 -0.257352 -0.0994762 
0.5 0.5 6 1 -0.288602 0.177501 
10.5 0.5 -0.5 1 0.141329 -0.0517752 
10.5 0.5 6 1 0.124854 0.204328 
10.5 10.5 -0.5 1 0.359238 -0.145002 
10.5 10.5 6 1 0.343225 0.269788 
0.5 10.5 -0.5 1 -0.285076 -0.239257 
0.5 10.5 6 1 -0.340906 0.233206 
0.5 5.5 9.5 1 -0.330752 0.398467 
10.5 5.5 9.5 1 0.197778 0.409883 
0.5 6.5 -0.5 1 -0.270369 -0.165106 
0.5 8.5 -0.5 1 -0.276825 -0.197659 
0.5 8.5 4.5 1 -0.313518 0.117138 
0.5 6.5 4.5 1 -0.302715 0.115404 
0.5 2.5 2 1 -0.273808 -0.00385957 
0.5 4.5 2 1 -0.279419 -0.01437 
0.5 4.5 4.5 1 -0.294096 0.114021 
0.5 2.5 4.5 1 -0.28706 0.112891 
