0 0 0 1 -0.696269 -0.592743 
0 0 6.5 1 -0.622818 -0.10899 
10 0 0 1 -0.192968 -0.446125 
10 0 6.5 1 -0.172286 -0.145932 
10 10 0 1 0.259734 -0.545589 
10 10 6.5 1 0.256197 -0.152659 
0 10 0 1 -0.0984086 -0.882666 
0 10 6.5 1 -0.0602106 -0.101713 
0 5 10 1 -0.370604 0.169216 
10 5 10 1 0.0209071 0.0184728 
0 6 0 1 -0.408514 -0.732285 
0 8 0 1 -0.270481 -0.799222 
0 8 5 1 -0.227887 -0.249904 
0 6 5 1 -0.358588 -0.238323 
0 2 2.5 1 -0.586932 -0.418731 
0 4 2.5 1 -0.493558 -0.444366 
0 4 5 1 -0.467511 -0.228672 
0 2 5 1 -0.559681 -0.220506 
0.5 0.5 -0.5 1 -0.643377 -0.630128 
0.5 0.5 6 1 -0.57456 -0.145665 
10.5 0.5 -0.5 1 -0.161921 -0.469687 
10.5 0.5 6 1 -0.142904 -0.169194 
10.5 10.5 -0.5 1 0.29838 -0.575943 
10.5 10.5 6 1 0.292293 -0.182541 
0.5 10.5 -0.5 1 -0.0182013 -0.940472 
0.5 10.5 6 1 0.00974604 -0.158075 
0.5 5.5 9.5 1 -0.316476 0.125492 
10.5 5.5 9.5 1 0.0523171 -0.00745114 
0.5 6.5 -0.5 1 -0.341975 -0.779747 
0.5 8.5 -0.5 1 -0.197725 -0.851354 
0.5 8.5 4.5 1 -0.161872 -0.301159 
0.5 6.5 4.5 1 -0.297725 -0.285021 
0.5 2.5 2 1 -0.532316 -0.458702 
0.5 4.5 2 1 -0.434796 -0.487624 
0.5 4.5 4.5 1 -0.41107 -0.271556 
0.5 2.5 4.5 1 -0.507074 -0.260152 
