0 0 0 1 -0.313237 -0.175705 
0 0 6.5 1 -0.345962 0.104608 
10 0 0 1 0.0854201 -0.114133 
10 0 6.5 1 0.0630209 0.135199 
10 10 0 1 0.31452 -0.200508 
10 10 6.5 1 0.284927 0.193653 
0 10 0 1 -0.313329 -0.323638 
0 10 6.5 1 -0.369644 0.153974 
0 5 10 1 -0.377775 0.319976 
10 5 10 1 0.134427 0.327432 
0 6 0 1 -0.31328 -0.245084 
0 8 0 1 -0.313301 -0.279547 
0 8 5 1 -0.350919 0.0404361 
0 6 5 1 -0.346712 0.0399559 
0 2 2.5 1 -0.326816 -0.0786191 
0 4 2.5 1 -0.328177 -0.090009 
0 4 5 1 -0.343347 0.0395718 
0 2 5 1 -0.340595 0.0392577 
0.5 0.5 -0.5 1 -0.287991 -0.198046 
0.5 0.5 6 1 -0.320671 0.0855553 
10.5 0.5 -0.5 1 0.11239 -0.133227 
10.5 0.5 6 1 0.0901798 0.118705 
10.5 10.5 -0.5 1 0.36146 -0.232357 
10.5 10.5 6 1 0.332569 0.168341 
0.5 10.5 -0.5 1 -0.27006 -0.365223 
0.5 10.5 6 1 -0.326249 0.122008 
0.5 5.5 9.5 1 -0.345793 0.299141 
10.5 5.5 9.5 1 0.169277 0.309701 
0.5 6.5 -0.5 1 -0.279622 -0.276071 
0.5 8.5 -0.5 1 -0.275438 -0.315077 
0.5 8.5 4.5 1 -0.312976 0.0105001 
0.5 6.5 4.5 1 -0.312991 0.0134008 
0.5 2.5 2 1 -0.299253 -0.101795 
0.5 4.5 2 1 -0.297856 -0.115701 
0.5 4.5 4.5 1 -0.313003 0.0157115 
0.5 2.5 4.5 1 -0.313012 0.0175956 
