0 0 0 1 -0.2209 -0.348316 
0 0 6.5 1 -0.242302 0.319883 
10 0 0 1 -0.24752 -0.0816362 
10 0 6.5 1 -0.259734 0.260363 
10 10 0 1 0.216248 -0.0550492 
10 10 6.5 1 0.23388 0.246268 
0 10 0 1 0.581842 -0.24781 
0 10 6.5 1 0.6548 0.280714 
0 5 10 1 0.287711 0.681529 
10 5 10 1 0.00609493 0.44327 
0 6 0 1 0.303346 -0.282679 
0 8 0 1 0.448491 -0.264506 
0 8 5 1 0.494058 0.148644 
0 6 5 1 0.3378 0.148751 
0 2 2.5 1 -0.0271119 -0.0990888 
0 4 2.5 1 0.154748 -0.0872069 
0 4 5 1 0.165689 0.148869 
0 2 5 1 -0.0248166 0.149 
0.5 0.5 -0.5 1 -0.174842 -0.360347 
0.5 0.5 6 1 -0.188528 0.257339 
10.5 0.5 -0.5 1 -0.221994 -0.097264 
10.5 0.5 6 1 -0.232044 0.231095 
10.5 10.5 -0.5 1 0.224698 -0.0697244 
10.5 10.5 6 1 0.242258 0.22096 
0.5 10.5 -0.5 1 0.577179 -0.262764 
0.5 10.5 6 1 0.645443 0.233736 
0.5 5.5 9.5 1 0.301801 0.597812 
10.5 5.5 9.5 1 0.023446 0.408379 
0.5 6.5 -0.5 1 0.314025 -0.296911 
0.5 8.5 -0.5 1 0.450872 -0.279154 
0.5 8.5 4.5 1 0.49396 0.108541 
0.5 6.5 4.5 1 0.347285 0.106825 
0.5 2.5 2 1 0.00635325 -0.127145 
0.5 4.5 2 1 0.175511 -0.11472 
0.5 4.5 4.5 1 0.186685 0.104945 
0.5 2.5 4.5 1 0.0100777 0.102878 
