0 0 0 1 0.0605915 -0.346958 
0 0 6.5 1 0.0820717 -0.07842 
10 0 0 1 0.508432 -0.481029 
10 0 6.5 1 0.522702 -0.10852 
10 10 0 1 0.221965 -0.703866 
10 10 6.5 1 0.26238 -0.0630493 
0 10 0 1 -0.30782 -0.42233 
0 10 6.5 1 -0.264317 -0.037712 
0 5 10 1 -0.0456785 0.101193 
10 5 10 1 0.437067 0.145875 
0 6 0 1 -0.127515 -0.385442 
0 8 0 1 -0.210409 -0.402401 
0 8 5 1 -0.181767 -0.128033 
0 6 5 1 -0.102887 -0.131436 
0 2 2.5 1 0.0155095 -0.246398 
0 4 2.5 1 -0.0452961 -0.251308 
0 4 5 1 -0.0347102 -0.134377 
0 2 5 1 0.0248047 -0.136945 
0.5 0.5 -0.5 1 0.0623275 -0.376523 
0.5 0.5 6 1 0.0844337 -0.098852 
10.5 0.5 -0.5 1 0.530946 -0.528445 
10.5 0.5 6 1 0.545037 -0.138147 
10.5 10.5 -0.5 1 0.23923 -0.806393 
10.5 10.5 6 1 0.281623 -0.111113 
0.5 10.5 -0.5 1 -0.322491 -0.468962 
0.5 10.5 6 1 -0.276492 -0.0653317 
0.5 5.5 9.5 1 -0.0475659 0.0839641 
10.5 5.5 9.5 1 0.460161 0.122792 
0.5 6.5 -0.5 1 -0.132798 -0.423395 
0.5 8.5 -0.5 1 -0.219682 -0.444266 
0.5 8.5 4.5 1 -0.189604 -0.157374 
0.5 6.5 4.5 1 -0.107095 -0.15869 
0.5 2.5 2 1 0.0158182 -0.274211 
0.5 4.5 2 1 -0.047167 -0.281276 
0.5 4.5 4.5 1 -0.0361811 -0.159822 
0.5 2.5 4.5 1 0.0254211 -0.160805 
