0 0 0 1 0.373234 -0.687352 
0 0 6.5 1 0.351616 -0.165821 
10 0 0 1 -0.353811 -0.60717 
10 0 6.5 1 -0.315165 -0.15305 
10 10 0 1 -0.136624 -0.44454 
10 10 6.5 1 -0.123362 -0.171113 
0 10 0 1 0.293556 -0.476572 
0 10 6.5 1 0.285029 -0.180061 
0 5 10 1 0.3036 0.00861765 
10 5 10 1 -0.186306 0.00295205 
0 6 0 1 0.315413 -0.534392 
0 8 0 1 0.303448 -0.502741 
0 8 5 1 0.295761 -0.249743 
0 6 5 1 0.306367 -0.25464 
0 2 2.5 1 0.341958 -0.439808 
0 4 2.5 1 0.324594 -0.412609 
0 4 5 1 0.319319 -0.26062 
0 2 5 1 0.33549 -0.268086 
0.5 0.5 -0.5 1 0.328097 -0.707492 
0.5 0.5 6 1 0.311123 -0.201582 
10.5 0.5 -0.5 1 -0.370133 -0.627396 
10.5 0.5 6 1 -0.331371 -0.185126 
10.5 10.5 -0.5 1 -0.150768 -0.459996 
10.5 10.5 6 1 -0.137069 -0.190883 
0.5 10.5 -0.5 1 0.269226 -0.492605 
0.5 10.5 6 1 0.262135 -0.201168 
0.5 5.5 9.5 1 0.275472 -0.0214475 
10.5 5.5 9.5 1 -0.201247 -0.0244382 
0.5 6.5 -0.5 1 0.285563 -0.552235 
0.5 8.5 -0.5 1 0.276638 -0.519658 
0.5 8.5 4.5 1 0.270301 -0.271468 
0.5 6.5 4.5 1 0.278178 -0.278358 
0.5 2.5 2 1 0.304792 -0.46445 
0.5 4.5 2 1 0.292013 -0.435272 
0.5 4.5 4.5 1 0.287751 -0.28673 
0.5 2.5 4.5 1 0.299633 -0.297122 
