0 0 0 1 -0.0176043 -0.23556 
0 0 6.5 1 -0.052079 0.464645 
10 0 0 1 -0.247707 -0.0491449 
10 0 6.5 1 -0.28006 0.311257 
10 10 0 1 0.18635 0.0112365 
10 10 6.5 1 0.183421 0.303601 
0 10 0 1 0.616051 -0.0809435 
0 10 6.5 1 0.649358 0.400981 
0 5 10 1 0.376007 0.787366 
10 5 10 1 -0.0315617 0.497104 
0 6 0 1 0.415282 -0.129933 
0 8 0 1 0.522172 -0.103851 
0 8 5 1 0.54229 0.282992 
0 6 5 1 0.428666 0.283773 
0 2 2.5 1 0.145937 0.0351237 
0 4 2.5 1 0.294509 0.0535065 
0 4 5 1 0.296713 0.28468 
0 2 5 1 0.141606 0.285746 
0.5 0.5 -0.5 1 0.00666648 -0.253024 
0.5 0.5 6 1 -0.0221161 0.389833 
10.5 0.5 -0.5 1 -0.225614 -0.0658413 
10.5 0.5 6 1 -0.255246 0.278792 
10.5 10.5 -0.5 1 0.190796 -0.00432033 
10.5 10.5 6 1 0.188191 0.277594 
0.5 10.5 -0.5 1 0.601665 -0.101078 
0.5 10.5 6 1 0.631958 0.353064 
0.5 5.5 9.5 1 0.372746 0.701107 
10.5 5.5 9.5 1 -0.0180265 0.460158 
0.5 6.5 -0.5 1 0.41035 -0.149935 
0.5 8.5 -0.5 1 0.511878 -0.124007 
0.5 8.5 4.5 1 0.530162 0.239583 
0.5 6.5 4.5 1 0.422567 0.237274 
0.5 2.5 2 1 0.158236 2.86162e-05 
0.5 4.5 2 1 0.296604 0.0198065 
0.5 4.5 4.5 1 0.298746 0.234616 
0.5 2.5 4.5 1 0.154729 0.231524 
