0 0 0 1 0.292459 -0.336339 
0 0 6.5 1 0.255292 0.00623211 
10 0 0 1 0.463869 -0.566845 
10 0 6.5 1 0.373893 0.140604 
10 10 0 1 -0.567066 -0.585681 
10 10 6.5 1 -0.564292 0.0436218 
0 10 0 1 -0.22049 -0.360236 
0 10 6.5 1 -0.233709 -0.0370472 
0 5 10 1 -0.00901877 0.151264 
10 5 10 1 -0.14108 0.403078 
0 6 0 1 -0.0231589 -0.351043 
0 8 0 1 -0.123067 -0.355697 
0 8 5 1 -0.136706 -0.101731 
0 6 5 1 -0.0403362 -0.0941045 
0 2 2.5 1 0.171886 -0.207506 
0 4 2.5 1 0.0687024 -0.21402 
0 4 5 1 0.0584382 -0.0862877 
0 2 5 1 0.159708 -0.0782734 
0.5 0.5 -0.5 1 0.271626 -0.371622 
0.5 0.5 6 1 0.234455 -0.0185084 
10.5 0.5 -0.5 1 0.428815 -0.657028 
10.5 0.5 6 1 0.337357 0.0968795 
10.5 10.5 -0.5 1 -0.650757 -0.665227 
10.5 10.5 6 1 -0.640828 0.000472542 
0.5 10.5 -0.5 1 -0.253094 -0.39388 
0.5 10.5 6 1 -0.26522 -0.061336 
0.5 5.5 9.5 1 -0.0352285 0.131434 
10.5 5.5 9.5 1 -0.198418 0.37654 
0.5 6.5 -0.5 1 -0.0514454 -0.385326 
0.5 8.5 -0.5 1 -0.153572 -0.389658 
0.5 8.5 4.5 1 -0.166511 -0.128188 
0.5 6.5 4.5 1 -0.068079 -0.120702 
0.5 2.5 2 1 0.148518 -0.238283 
0.5 4.5 2 1 0.0429474 -0.244565 
0.5 4.5 4.5 1 0.0328712 -0.113026 
0.5 2.5 4.5 1 0.136438 -0.10515 
