0 0 0 1 0.311856 -0.488822 
0 0 6.5 1 0.329117 -0.0407259 
10 0 0 1 -0.383193 -0.437436 
10 0 6.5 1 -0.329162 0.0125959 
10 10 0 1 -0.236466 -0.307742 
10 10 6.5 1 -0.208551 -0.0405755 
0 10 0 1 0.174353 -0.339014 
0 10 6.5 1 0.189137 -0.0725197 
0 5 10 1 0.25023 0.108776 
10 5 10 1 -0.235184 0.149187 
0 6 0 1 0.213284 -0.381429 
0 8 0 1 0.192091 -0.358339 
0 8 5 1 0.204065 -0.133487 
0 6 5 1 0.225775 -0.134642 
0 2 2.5 1 0.277839 -0.288265 
0 4 2.5 1 0.24564 -0.27054 
0 4 5 1 0.252019 -0.136038 
0 2 5 1 0.284384 -0.137761 
0.5 0.5 -0.5 1 0.265837 -0.509391 
0.5 0.5 6 1 0.284959 -0.0724941 
10.5 0.5 -0.5 1 -0.409486 -0.459718 
10.5 0.5 6 1 -0.3556 -0.0209637 
10.5 10.5 -0.5 1 -0.254707 -0.323294 
10.5 10.5 6 1 -0.226693 -0.0601354 
0.5 10.5 -0.5 1 0.149139 -0.353929 
0.5 10.5 6 1 0.164458 -0.0914263 
0.5 5.5 9.5 1 0.218988 0.0821092 
10.5 5.5 9.5 1 -0.256722 0.121494 
0.5 6.5 -0.5 1 0.18246 -0.398317 
0.5 8.5 -0.5 1 0.164348 -0.37419 
0.5 8.5 4.5 1 0.176827 -0.153031 
0.5 6.5 4.5 1 0.195579 -0.155975 
0.5 2.5 2 1 0.238815 -0.311087 
0.5 4.5 2 1 0.211386 -0.291389 
0.5 4.5 4.5 1 0.218162 -0.159519 
0.5 2.5 4.5 1 0.245883 -0.163871 
