0 0 0 1 0.257866 -0.0871238 
0 0 6.5 1 0.286111 0.290216 
10 0 0 1 -0.285211 -0.211892 
10 0 6.5 1 -0.305208 0.358254 
10 10 0 1 -0.473421 -0.0430568 
10 10 6.5 1 -0.497723 0.297527 
0 10 0 1 -0.0529495 0.0049508 
0 10 6.5 1 -0.0497608 0.265951 
0 5 10 1 0.0929434 0.458115 
10 5 10 1 -0.44242 0.581185 
0 6 0 1 0.0454472 -0.0241978 
0 8 0 1 -0.00694909 -0.00867617 
0 8 5 1 -0.00243963 0.202604 
0 6 5 1 0.0526316 0.201733 
0 2 2.5 1 0.183045 0.0650437 
0 4 2.5 1 0.110876 0.0764806 
0 4 5 1 0.116329 0.200726 
0 2 5 1 0.190853 0.199547 
0.5 0.5 -0.5 1 0.215739 -0.111397 
0.5 0.5 6 1 0.240502 0.259756 
10.5 0.5 -0.5 1 -0.339051 -0.245922 
10.5 0.5 6 1 -0.3649 0.310133 
10.5 10.5 -0.5 1 -0.504325 -0.0653871 
10.5 10.5 6 1 -0.530448 0.270166 
0.5 10.5 -0.5 1 -0.0799829 -0.0126619 
0.5 10.5 6 1 -0.0781994 0.245379 
0.5 5.5 9.5 1 0.0565934 0.430957 
10.5 5.5 9.5 1 -0.486541 0.541034 
0.5 6.5 -0.5 1 0.0138465 -0.0439894 
0.5 8.5 -0.5 1 -0.0360933 -0.0273156 
0.5 8.5 4.5 1 -0.0328285 0.181433 
0.5 6.5 4.5 1 0.0195636 0.179046 
0.5 2.5 2 1 0.144066 0.0406004 
0.5 4.5 2 1 0.0755281 0.0537818 
0.5 4.5 4.5 1 0.0800839 0.176289 
0.5 2.5 4.5 1 0.150783 0.173068 
