0 0 0 1 0.00104775 -0.119813 
0 0 6.5 1 0.0259147 0.13217 
10 0 0 1 0.415137 -0.198772 
10 0 6.5 1 0.4514 0.112815 
10 10 0 1 0.303059 -0.33023 
10 10 6.5 1 0.363252 0.205764 
0 10 0 1 -0.288622 -0.173195 
0 10 6.5 1 -0.255567 0.207774 
0 5 10 1 -0.0703494 0.328773 
10 5 10 1 0.444113 0.364519 
0 6 0 1 -0.143442 -0.14644 
0 8 0 1 -0.209347 -0.158586 
0 8 5 1 -0.185492 0.106367 
0 6 5 1 -0.12095 0.0960659 
0 2 2.5 1 -0.0301515 -0.0241702 
0 4 2.5 1 -0.0772134 -0.0249212 
0 4 5 1 -0.0665406 0.0873823 
0 2 5 1 -0.0200513 0.0799627 
0.5 0.5 -0.5 1 0.00641304 -0.14459 
0.5 0.5 6 1 0.0319989 0.113822 
10.5 0.5 -0.5 1 0.435377 -0.232213 
10.5 0.5 6 1 0.473117 0.0892627 
10.5 10.5 -0.5 1 0.332134 -0.396458 
10.5 10.5 6 1 0.396564 0.169483 
0.5 10.5 -0.5 1 -0.292061 -0.213188 
0.5 10.5 6 1 -0.257713 0.182674 
0.5 5.5 9.5 1 -0.0660478 0.312763 
10.5 5.5 9.5 1 0.471831 0.344903 
0.5 6.5 -0.5 1 -0.141466 -0.178577 
0.5 8.5 -0.5 1 -0.209577 -0.19423 
0.5 8.5 4.5 1 -0.184849 0.0800489 
0.5 6.5 4.5 1 -0.1182 0.0717199 
0.5 2.5 2 1 -0.0252476 -0.0481905 
0.5 4.5 2 1 -0.0733574 -0.0508988 
0.5 4.5 4.5 1 -0.0623372 0.0647388 
0.5 2.5 4.5 1 -0.0148378 0.0588028 
