0 0 0 1 -0.347411 -0.289726 
0 0 6.5 1 -0.377547 0.00344012 
10 0 0 1 0.0589415 -0.210314 
10 0 6.5 1 0.0339459 0.0395764 
10 10 0 1 0.320719 -0.307745 
10 10 6.5 1 0.282497 0.0809151 
0 10 0 1 -0.300285 -0.47345 
0 10 6.5 1 -0.352048 0.0310337 
0 5 10 1 -0.388773 0.214016 
10 5 10 1 0.114848 0.220058 
0 6 0 1 -0.325461 -0.375299 
0 8 0 1 -0.314459 -0.418193 
0 8 5 1 -0.349255 -0.0792549 
0 6 5 1 -0.35638 -0.0742641 
0 2 2.5 1 -0.354063 -0.190131 
0 4 2.5 1 -0.348147 -0.20578 
0 4 5 1 -0.362068 -0.0702794 
0 2 5 1 -0.366715 -0.0670244 
0.5 0.5 -0.5 1 -0.319549 -0.313197 
0.5 0.5 6 1 -0.35 -0.0164754 
10.5 0.5 -0.5 1 0.0868816 -0.229451 
10.5 0.5 6 1 0.0616719 0.0230181 
10.5 10.5 -0.5 1 0.368686 -0.339264 
10.5 10.5 6 1 0.329966 0.0556704 
0.5 10.5 -0.5 1 -0.250917 -0.518104 
0.5 10.5 6 1 -0.303615 -0.00299744 
0.5 5.5 9.5 1 -0.353925 0.191986 
10.5 5.5 9.5 1 0.149756 0.202132 
0.5 6.5 -0.5 1 -0.287734 -0.408184 
0.5 8.5 -0.5 1 -0.271687 -0.456093 
0.5 8.5 4.5 1 -0.307031 -0.110938 
0.5 6.5 4.5 1 -0.319084 -0.102255 
0.5 2.5 2 1 -0.323683 -0.214462 
0.5 4.5 2 1 -0.314575 -0.232829 
0.5 4.5 4.5 1 -0.328671 -0.0953486 
0.5 2.5 4.5 1 -0.33648 -0.0897238 
