0 0 0 1 0.256389 -0.0502841 
0 0 6.5 1 0.256686 0.321283 
10 0 0 1 -0.164462 -0.238642 
10 0 6.5 1 -0.214657 0.401116 
10 10 0 1 -0.550206 -0.102396 
10 10 6.5 1 -0.608151 0.290847 
0 10 0 1 -0.121348 -0.00447488 
0 10 6.5 1 -0.139703 0.268002 
0 5 10 1 0.0200867 0.47502 
10 5 10 1 -0.497137 0.632724 
0 6 0 1 0.00344423 -0.0196088 
0 8 0 1 -0.0623739 -0.0116268 
0 8 5 1 -0.0747998 0.207152 
0 6 5 1 -0.00697398 0.212063 
0 2 2.5 1 0.158886 0.0895389 
0 4 2.5 1 0.0735611 0.0918296 
0 4 5 1 0.0695809 0.217605 
0 2 5 1 0.156666 0.22391 
0.5 0.5 -0.5 1 0.218529 -0.079451 
0.5 0.5 6 1 0.216272 0.289408 
10.5 0.5 -0.5 1 -0.227357 -0.287526 
10.5 0.5 6 1 -0.284928 0.344092 
10.5 10.5 -0.5 1 -0.588877 -0.133318 
10.5 10.5 6 1 -0.649486 0.256859 
0.5 10.5 -0.5 1 -0.148857 -0.0261332 
0.5 10.5 6 1 -0.168536 0.244885 
0.5 5.5 9.5 1 -0.0146221 0.447056 
10.5 5.5 9.5 1 -0.551746 0.587121 
0.5 6.5 -0.5 1 -0.027445 -0.0437534 
0.5 8.5 -0.5 1 -0.0914755 -0.0344608 
0.5 8.5 4.5 1 -0.105031 0.183085 
0.5 6.5 4.5 1 -0.0391392 0.186535 
0.5 2.5 2 1 0.122858 0.0614003 
0.5 4.5 2 1 0.0399406 0.0654554 
0.5 4.5 4.5 1 0.0352185 0.190429 
0.5 2.5 4.5 1 0.119785 0.194856 
