0 0 0 1 -0.55301 -0.453685 
0 0 6.5 1 -0.530312 -0.0667465 
10 0 0 1 -0.0855113 -0.36389 
10 0 6.5 1 -0.0915539 -0.088282 
10 10 0 1 0.296463 -0.423532 
10 10 6.5 1 0.262323 -0.0338417 
0 10 0 1 -0.242269 -0.621338 
0 10 6.5 1 -0.238869 0.0360983 
0 5 10 1 -0.411478 0.202361 
10 5 10 1 0.0481054 0.093704 
0 6 0 1 -0.408784 -0.531499 
0 8 0 1 -0.336157 -0.570683 
0 8 5 1 -0.32662 -0.116884 
0 6 5 1 -0.395293 -0.128246 
0 2 2.5 1 -0.505031 -0.305147 
0 4 2.5 1 -0.458497 -0.313079 
0 4 5 1 -0.45086 -0.13744 
0 2 5 1 -0.496746 -0.145032 
0.5 0.5 -0.5 1 -0.512714 -0.484267 
0.5 0.5 6 1 -0.492578 -0.0930594 
10.5 0.5 -0.5 1 -0.0549334 -0.385156 
10.5 0.5 6 1 -0.0624765 -0.107377 
10.5 10.5 -0.5 1 0.342601 -0.454333 
10.5 10.5 6 1 0.305142 -0.0602899 
0.5 10.5 -0.5 1 -0.168837 -0.676337 
0.5 10.5 6 1 -0.173536 -0.00654145 
0.5 5.5 9.5 1 -0.365611 0.172793 
10.5 5.5 9.5 1 0.0817046 0.0729281 
0.5 6.5 -0.5 1 -0.353495 -0.573197 
0.5 8.5 -0.5 1 -0.273065 -0.618121 
0.5 8.5 4.5 1 -0.268305 -0.156756 
0.5 6.5 4.5 1 -0.343706 -0.163967 
0.5 2.5 2 1 -0.461963 -0.336623 
0.5 4.5 2 1 -0.410824 -0.347733 
0.5 4.5 4.5 1 -0.404616 -0.169793 
0.5 2.5 4.5 1 -0.454848 -0.174597 
