0 0 0 1 -0.721362 -0.570412 
0 0 6.5 1 -0.63797 -0.0508461 
10 0 0 1 -0.23119 -0.403371 
10 0 6.5 1 -0.201287 -0.100123 
10 10 0 1 0.239607 -0.502364 
10 10 6.5 1 0.252849 -0.126695 
0 10 0 1 0.0184228 -0.857458 
0 10 6.5 1 0.0661601 -0.0816234 
0 5 10 1 -0.313892 0.232064 
10 5 10 1 0.0148448 0.0565294 
0 6 0 1 -0.349838 -0.714568 
0 8 0 1 -0.182045 -0.779674 
0 8 5 1 -0.133431 -0.224949 
0 6 5 1 -0.293991 -0.206348 
0 2 2.5 1 -0.582226 -0.387793 
0 4 2.5 1 -0.461136 -0.417506 
0 4 5 1 -0.431818 -0.19038 
0 2 5 1 -0.551423 -0.176523 
0.5 0.5 -0.5 1 -0.661933 -0.607997 
0.5 0.5 6 1 -0.583619 -0.0927401 
10.5 0.5 -0.5 1 -0.200562 -0.426659 
10.5 0.5 6 1 -0.172126 -0.124865 
10.5 10.5 -0.5 1 0.272574 -0.53005 
10.5 10.5 6 1 0.284072 -0.156638 
0.5 10.5 -0.5 1 0.0907956 -0.90699 
0.5 10.5 6 1 0.130697 -0.140995 
0.5 5.5 9.5 1 -0.257321 0.180554 
10.5 5.5 9.5 1 0.0443276 0.0286365 
0.5 6.5 -0.5 1 -0.282623 -0.758664 
0.5 8.5 -0.5 1 -0.112165 -0.826372 
0.5 8.5 4.5 1 -0.0692531 -0.278213 
0.5 6.5 4.5 1 -0.231998 -0.255924 
0.5 2.5 2 1 -0.522552 -0.429491 
0.5 4.5 2 1 -0.399072 -0.461734 
0.5 4.5 4.5 1 -0.372051 -0.236743 
0.5 2.5 4.5 1 -0.49385 -0.220061 
