0 0 0 1 0.292383 -0.28943 
0 0 6.5 1 0.253466 0.0548852 
10 0 0 1 0.358954 -0.532172 
10 0 6.5 1 0.276171 0.179601 
10 10 0 1 -0.586174 -0.52404 
10 10 6.5 1 -0.607693 0.0546378 
0 10 0 1 -0.204314 -0.310443 
0 10 6.5 1 -0.226143 -0.000571926 
0 5 10 1 -0.0144117 0.193895 
10 5 10 1 -0.234108 0.426941 
0 6 0 1 -0.0186246 -0.302587 
0 8 0 1 -0.11345 -0.306599 
0 8 5 1 -0.132595 -0.0618455 
0 6 5 1 -0.0402017 -0.0526996 
0 2 2.5 1 0.17031 -0.162131 
0 4 2.5 1 0.0681888 -0.16937 
0 4 5 1 0.0562188 -0.043155 
0 2 5 1 0.156935 -0.0331852 
0.5 0.5 -0.5 1 0.268797 -0.324491 
0.5 0.5 6 1 0.229717 0.0285952 
10.5 0.5 -0.5 1 0.31168 -0.619373 
10.5 0.5 6 1 0.228 0.130899 
10.5 10.5 -0.5 1 -0.661105 -0.593161 
10.5 10.5 6 1 -0.67966 0.0106748 
0.5 10.5 -0.5 1 -0.235639 -0.342201 
0.5 10.5 6 1 -0.257062 -0.0252497 
0.5 5.5 9.5 1 -0.0421116 0.172318 
10.5 5.5 9.5 1 -0.296417 0.394679 
0.5 6.5 -0.5 1 -0.0473408 -0.33559 
0.5 8.5 -0.5 1 -0.14354 -0.338967 
0.5 8.5 4.5 1 -0.16244 -0.0884718 
0.5 6.5 4.5 1 -0.0687474 -0.0797128 
0.5 2.5 2 1 0.144816 -0.193141 
0.5 4.5 2 1 0.0410423 -0.199839 
0.5 4.5 4.5 1 0.0291165 -0.0705639 
0.5 2.5 4.5 1 0.131437 -0.0609983 
