0 0 0 1 0.386639 -0.678675 
0 0 6.5 1 0.355516 -0.147517 
10 0 0 1 -0.33827 -0.59659 
10 0 6.5 1 -0.306503 -0.148379 
10 10 0 1 -0.109208 -0.441828 
10 10 6.5 1 -0.100884 -0.169256 
0 10 0 1 0.323901 -0.471976 
0 10 6.5 1 0.309058 -0.17081 
0 5 10 1 0.316486 0.0233873 
10 5 10 1 -0.172385 0.00445343 
0 6 0 1 0.341054 -0.528488 
0 8 0 1 0.331659 -0.497536 
0 8 5 1 0.318676 -0.240328 
0 6 5 1 0.326286 -0.243949 
0 2 2.5 1 0.356961 -0.428522 
0 4 2.5 1 0.343873 -0.402842 
0 4 5 1 0.335587 -0.248374 
0 2 5 1 0.347215 -0.253907 
0.5 0.5 -0.5 1 0.342522 -0.699763 
0.5 0.5 6 1 0.316491 -0.185198 
10.5 0.5 -0.5 1 -0.352131 -0.617159 
10.5 0.5 6 1 -0.320234 -0.180782 
10.5 10.5 -0.5 1 -0.122285 -0.457537 
10.5 10.5 6 1 -0.113472 -0.189359 
0.5 10.5 -0.5 1 0.299957 -0.488628 
0.5 10.5 6 1 0.286722 -0.192826 
0.5 5.5 9.5 1 0.289316 -0.00809102 
10.5 5.5 9.5 1 -0.185709 -0.0233055 
0.5 6.5 -0.5 1 0.311738 -0.547062 
0.5 8.5 -0.5 1 0.305299 -0.515124 
0.5 8.5 4.5 1 0.293827 -0.263008 
0.5 6.5 4.5 1 0.298822 -0.26875 
0.5 2.5 2 1 0.320748 -0.454368 
0.5 4.5 2 1 0.312061 -0.426552 
0.5 4.5 4.5 1 0.304897 -0.275731 
0.5 2.5 4.5 1 0.312443 -0.284405 
