0 0 0 1 0.324961 -0.544863 
0 0 6.5 1 0.261418 0.0632965 
10 0 0 1 -0.224577 -0.382414 
10 0 6.5 1 -0.260212 -0.00965195 
10 10 0 1 0.113642 -0.246047 
10 10 6.5 1 0.0871322 0.0152092 
0 10 0 1 0.563938 -0.290888 
0 10 6.5 1 0.524888 0.0676245 
0 5 10 1 0.401158 0.306113 
10 5 10 1 -0.0724422 0.169065 
0 6 0 1 0.496512 -0.362545 
0 8 0 1 0.53324 -0.323512 
0 8 5 1 0.500638 -0.0226139 
0 6 5 1 0.460928 -0.0320413 
0 2 2.5 1 0.374281 -0.262791 
0 4 2.5 1 0.432143 -0.226233 
0 4 5 1 0.412622 -0.0435096 
0 2 5 1 0.352589 -0.057762 
0.5 0.5 -0.5 1 0.306496 -0.556548 
0.5 0.5 6 1 0.247009 0.0145872 
10.5 0.5 -0.5 1 -0.21491 -0.396023 
10.5 0.5 6 1 -0.249233 -0.0375064 
10.5 10.5 -0.5 1 0.111223 -0.259441 
10.5 10.5 6 1 0.0854476 -0.00526283 
0.5 10.5 -0.5 1 0.543858 -0.307426 
0.5 10.5 6 1 0.506372 0.0378911 
0.5 5.5 9.5 1 0.383891 0.258293 
10.5 5.5 9.5 1 -0.0693249 0.140294 
0.5 6.5 -0.5 1 0.47565 -0.379014 
0.5 8.5 -0.5 1 0.51268 -0.340148 
0.5 8.5 4.5 1 0.481491 -0.0512936 
0.5 6.5 4.5 1 0.441743 -0.0629835 
0.5 2.5 2 1 0.355323 -0.288421 
0.5 4.5 2 1 0.412324 -0.250997 
0.5 4.5 4.5 1 0.393809 -0.0770811 
0.5 2.5 4.5 1 0.334867 -0.0944159 
