0 0 0 1 -0.268242 -0.0537174 
0 0 6.5 1 -0.298594 0.218567 
10 0 0 1 0.126623 -0.0132594 
10 0 6.5 1 0.111961 0.241957 
10 10 0 1 0.31444 -0.0941439 
10 10 6.5 1 0.301065 0.31869 
0 10 0 1 -0.323775 -0.17128 
0 10 6.5 1 -0.379346 0.288155 
0 5 10 1 -0.351072 0.441901 
10 5 10 1 0.175033 0.452375 
0 6 0 1 -0.294502 -0.10931 
0 8 0 1 -0.307404 -0.136624 
0 8 5 1 -0.343641 0.170134 
0 6 5 1 -0.326271 0.164756 
0 2 2.5 1 -0.288001 0.0422371 
0 4 2.5 1 -0.297972 0.0345468 
0 4 5 1 -0.312342 0.160444 
0 2 5 1 -0.300923 0.156908 
0.5 0.5 -0.5 1 -0.246218 -0.0755675 
0.5 0.5 6 1 -0.276184 0.199861 
10.5 0.5 -0.5 1 0.152359 -0.0331282 
10.5 0.5 6 1 0.138399 0.224854 
10.5 10.5 -0.5 1 0.359957 -0.127928 
10.5 10.5 6 1 0.34891 0.292193 
0.5 10.5 -0.5 1 -0.287914 -0.210949 
0.5 10.5 6 1 -0.342554 0.257498 
0.5 5.5 9.5 1 -0.3229 0.421789 
10.5 5.5 9.5 1 0.209835 0.434207 
0.5 6.5 -0.5 1 -0.265837 -0.139266 
0.5 8.5 -0.5 1 -0.27554 -0.170772 
0.5 8.5 4.5 1 -0.31119 0.141178 
0.5 6.5 4.5 1 -0.297121 0.13894 
0.5 2.5 2 1 -0.26396 0.0195705 
0.5 4.5 2 1 -0.27172 0.00950402 
0.5 4.5 4.5 1 -0.285887 0.137154 
0.5 2.5 4.5 1 -0.27671 0.135694 
