0 0 0 1 0.0482522 -0.258192 
0 0 6.5 1 0.0102095 0.427142 
10 0 0 1 -0.244922 -0.0813494 
10 0 6.5 1 -0.281529 0.279174 
10 10 0 1 0.17374 -0.00854296 
10 10 6.5 1 0.164288 0.276679 
0 10 0 1 0.611842 -0.0852774 
0 10 6.5 1 0.629018 0.370846 
0 5 10 1 0.386259 0.730797 
10 5 10 1 -0.0430471 0.463209 
0 6 0 1 0.437612 -0.138733 
0 8 0 1 0.530859 -0.110124 
0 8 5 1 0.539938 0.259084 
0 6 5 1 0.441352 0.258387 
0 2 2.5 1 0.194511 0.01392 
0 4 2.5 1 0.327341 0.0354225 
0 4 5 1 0.325471 0.257567 
0 2 5 1 0.187305 0.256589 
0.5 0.5 -0.5 1 0.0643971 -0.274914 
0.5 0.5 6 1 0.0310086 0.355561 
10.5 0.5 -0.5 1 -0.224526 -0.0975349 
10.5 0.5 6 1 -0.258481 0.247247 
10.5 10.5 -0.5 1 0.177002 -0.0237207 
10.5 10.5 6 1 0.168001 0.251571 
0.5 10.5 -0.5 1 0.595806 -0.105089 
0.5 10.5 6 1 0.61097 0.326143 
0.5 5.5 9.5 1 0.379286 0.651205 
10.5 5.5 9.5 1 -0.031052 0.427416 
0.5 6.5 -0.5 1 0.428868 -0.158438 
0.5 8.5 -0.5 1 0.51791 -0.129982 
0.5 8.5 4.5 1 0.52576 0.218056 
0.5 6.5 4.5 1 0.431854 0.214283 
0.5 2.5 2 1 0.200106 -0.0200217 
0.5 4.5 2 1 0.324366 0.0028651 
0.5 4.5 4.5 1 0.322515 0.209891 
0.5 2.5 4.5 1 0.193597 0.204712 
