0 0 0 1 0.400775 -0.500749 
0 0 6.5 1 0.338509 0.0485366 
10 0 0 1 -0.270175 -0.441157 
10 0 6.5 1 -0.273938 -0.03606 
10 10 0 1 0.00729088 -0.333509 
10 10 6.5 1 -0.00675465 -0.0718017 
0 10 0 1 0.446121 -0.344368 
0 10 6.5 1 0.407241 -0.0292829 
0 5 10 1 0.358408 0.194888 
10 5 10 1 -0.118425 0.10068 
0 6 0 1 0.433696 -0.387218 
0 8 0 1 0.440499 -0.363758 
0 8 5 1 0.407728 -0.0954156 
0 6 5 1 0.397964 -0.0909238 
0 2 2.5 1 0.392229 -0.260065 
0 4 2.5 1 0.405138 -0.246391 
0 4 5 1 0.386029 -0.0854331 
0 2 5 1 0.371106 -0.0785684 
0.5 0.5 -0.5 1 0.365629 -0.527686 
0.5 0.5 6 1 0.308948 -0.000189203 
10.5 0.5 -0.5 1 -0.272567 -0.463087 
10.5 0.5 6 1 -0.276059 -0.0699594 
10.5 10.5 -0.5 1 -0.000584313 -0.350223 
10.5 10.5 6 1 -0.0140017 -0.0935508 
0.5 10.5 -0.5 1 0.424558 -0.364238 
0.5 10.5 6 1 0.387747 -0.0564194 
0.5 5.5 9.5 1 0.336343 0.154922 
10.5 5.5 9.5 1 -0.124052 0.0708098 
0.5 6.5 -0.5 1 0.408165 -0.409706 
0.5 8.5 -0.5 1 0.417117 -0.384877 
0.5 8.5 4.5 1 0.386256 -0.123383 
0.5 6.5 4.5 1 0.374719 -0.121744 
0.5 2.5 2 1 0.362792 -0.292588 
0.5 4.5 2 1 0.378478 -0.275824 
0.5 4.5 4.5 1 0.360706 -0.119752 
0.5 2.5 4.5 1 0.343324 -0.117282 
