0 0 0 1 0.0175315 -0.180442 
0 0 6.5 1 0.0430221 0.0734707 
10 0 0 1 0.438442 -0.272225 
10 0 6.5 1 0.47117 0.0514316 
10 10 0 1 0.283649 -0.421985 
10 10 6.5 1 0.33978 0.134423 
0 10 0 1 -0.293143 -0.237348 
0 10 6.5 1 -0.255396 0.140594 
0 5 10 1 -0.0604921 0.264132 
10 5 10 1 0.445145 0.30255 
0 6 0 1 -0.138414 -0.209006 
0 8 0 1 -0.208895 -0.221916 
0 8 5 1 -0.18241 0.0428982 
0 6 5 1 -0.114064 0.0341687 
0 2 2.5 1 -0.0166672 -0.0841367 
0 4 2.5 1 -0.0673154 -0.0856653 
0 4 5 1 -0.056047 0.0267584 
0 2 5 1 -0.00618143 0.0203892 
0.5 0.5 -0.5 1 0.0217589 -0.206176 
0.5 0.5 6 1 0.047963 0.0548141 
10.5 0.5 -0.5 1 0.458961 -0.308572 
10.5 0.5 6 1 0.492874 0.0266723 
10.5 10.5 -0.5 1 0.310061 -0.495586 
10.5 10.5 6 1 0.369772 0.0959737 
0.5 10.5 -0.5 1 -0.299845 -0.278572 
0.5 10.5 6 1 -0.260512 0.115265 
0.5 5.5 9.5 1 -0.0580241 0.248087 
10.5 5.5 9.5 1 0.471673 0.282431 
0.5 6.5 -0.5 1 -0.13857 -0.242267 
0.5 8.5 -0.5 1 -0.211759 -0.258743 
0.5 8.5 4.5 1 -0.184262 0.0161787 
0.5 6.5 4.5 1 -0.113368 0.00940405 
0.5 2.5 2 1 -0.0131567 -0.108855 
0.5 4.5 2 1 -0.0651652 -0.11236 
0.5 4.5 4.5 1 -0.0535327 0.0036862 
0.5 2.5 4.5 1 -0.00235641 -0.00120423 
