0 0 0 1 0.292228 -0.285242 
0 0 6.5 1 0.253346 0.0595945 
10 0 0 1 0.341346 -0.534458 
10 0 6.5 1 0.259889 0.177973 
10 10 0 1 -0.587761 -0.519477 
10 10 6.5 1 -0.613122 0.0513692 
0 10 0 1 -0.201551 -0.304875 
0 10 6.5 1 -0.224566 0.00302408 
0 5 10 1 -0.0149216 0.198228 
10 5 10 1 -0.248414 0.424567 
0 6 0 1 -0.017815 -0.29757 
0 8 0 1 -0.11177 -0.301306 
0 8 5 1 -0.131643 -0.0579201 
0 6 5 1 -0.0399335 -0.0487052 
0 2 2.5 1 0.1701 -0.157937 
0 4 2.5 1 0.0682136 -0.165103 
0 4 5 1 0.0560564 -0.0390602 
0 2 5 1 0.156634 -0.0289542 
0.5 0.5 -0.5 1 0.268178 -0.320336 
0.5 0.5 6 1 0.229101 0.0329504 
10.5 0.5 -0.5 1 0.29229 -0.621372 
10.5 0.5 6 1 0.20991 0.128064 
10.5 10.5 -0.5 1 -0.661168 -0.587188 
10.5 10.5 6 1 -0.684166 0.00714787 
0.5 10.5 -0.5 1 -0.232665 -0.336383 
0.5 10.5 6 1 -0.255377 -0.0217688 
0.5 5.5 9.5 1 -0.0428594 0.176283 
10.5 5.5 9.5 1 -0.311314 0.391103 
0.5 6.5 -0.5 1 -0.0465907 -0.330421 
0.5 8.5 -0.5 1 -0.141784 -0.333471 
0.5 8.5 4.5 1 -0.161482 -0.0846309 
0.5 6.5 4.5 1 -0.0685994 -0.0758499 
0.5 2.5 2 1 0.144256 -0.189057 
0.5 4.5 2 1 0.0408464 -0.195625 
0.5 4.5 4.5 1 0.0287085 -0.0666505 
0.5 2.5 4.5 1 0.130766 -0.0570021 
