0 0 0 1 -0.228901 -0.0142606 
0 0 6.5 1 -0.253287 0.252994 
10 0 0 1 0.164244 0.0111794 
10 0 6.5 1 0.158348 0.271198 
10 10 0 1 0.320138 -0.0862169 
10 10 6.5 1 0.32202 0.338798 
0 10 0 1 -0.319761 -0.133105 
0 10 6.5 1 -0.36838 0.311587 
0 5 10 1 -0.315183 0.4712 
10 5 10 1 0.217466 0.48583 
0 6 0 1 -0.272197 -0.0708914 
0 8 0 1 -0.293251 -0.0984298 
0 8 5 1 -0.324153 0.198772 
0 6 5 1 -0.298783 0.195584 
0 2 2.5 1 -0.251007 0.0784056 
0 4 2.5 1 -0.266469 0.0697605 
0 4 5 1 -0.278348 0.193016 
0 2 5 1 -0.261535 0.190904 
0.5 0.5 -0.5 1 -0.209312 -0.036526 
0.5 0.5 6 1 -0.233153 0.233849 
10.5 0.5 -0.5 1 0.188919 -0.0100404 
10.5 0.5 6 1 0.184063 0.252938 
10.5 10.5 -0.5 1 0.364057 -0.123122 
10.5 10.5 6 1 0.369363 0.309847 
0.5 10.5 -0.5 1 -0.289421 -0.173101 
0.5 10.5 6 1 -0.33688 0.28027 
0.5 5.5 9.5 1 -0.290147 0.450643 
10.5 5.5 9.5 1 0.251886 0.466406 
0.5 6.5 -0.5 1 -0.247291 -0.101275 
0.5 8.5 -0.5 1 -0.265887 -0.132978 
0.5 8.5 4.5 1 -0.296031 0.169225 
0.5 6.5 4.5 1 -0.273232 0.16922 
0.5 2.5 2 1 -0.229675 0.0552741 
0.5 4.5 2 1 -0.243349 0.0442295 
0.5 4.5 4.5 1 -0.25495 0.169216 
0.5 2.5 4.5 1 -0.239962 0.169213 
