0 0 0 1 -0.471526 -0.352097 
0 0 6.5 1 -0.459048 0.282972 
10 0 0 1 -0.252919 -0.118852 
10 0 6.5 1 -0.237714 0.204407 
10 10 0 1 0.232087 -0.152804 
10 10 6.5 1 0.266804 0.164011 
0 10 0 1 0.465264 -0.410498 
0 10 6.5 1 0.55338 0.200009 
0 5 10 1 0.0865801 0.620551 
10 5 10 1 0.0309316 0.367487 
0 6 0 1 0.0971151 -0.387547 
0 8 0 1 0.282259 -0.399089 
0 8 5 1 0.33792 0.0654434 
0 6 5 1 0.141635 0.0805836 
0 2 2.5 1 -0.269361 -0.13355 
0 4 2.5 1 -0.0741533 -0.147119 
0 4 5 1 -0.0571002 0.0959129 
0 2 5 1 -0.258333 0.111435 
0.5 0.5 -0.5 1 -0.406471 -0.37617 
0.5 0.5 6 1 -0.389547 0.221441 
10.5 0.5 -0.5 1 -0.224601 -0.137924 
10.5 0.5 6 1 -0.20869 0.175371 
10.5 10.5 -0.5 1 0.246918 -0.170681 
10.5 10.5 6 1 0.281249 0.136548 
0.5 10.5 -0.5 1 0.481264 -0.430964 
0.5 10.5 6 1 0.565821 0.144801 
0.5 5.5 9.5 1 0.12663 0.537856 
10.5 5.5 9.5 1 0.0526135 0.333335 
0.5 6.5 -0.5 1 0.132076 -0.409411 
0.5 8.5 -0.5 1 0.307633 -0.420247 
0.5 8.5 4.5 1 0.361786 0.0181063 
0.5 6.5 4.5 1 0.176243 0.0321509 
0.5 2.5 2 1 -0.213537 -0.169778 
0.5 4.5 2 1 -0.0289511 -0.182423 
0.5 4.5 4.5 1 -0.0114902 0.0463614 
0.5 2.5 4.5 1 -0.201453 0.0607406 
