0 0 0 1 0.226335 -0.393317 
0 0 6.5 1 0.204894 -0.0860209 
10 0 0 1 0.710317 -0.53508 
10 0 6.5 1 0.629442 -0.00439079 
10 10 0 1 -0.0858219 -0.726099 
10 10 6.5 1 -0.0959269 0.0391682 
0 10 0 1 -0.25826 -0.453718 
0 10 6.5 1 -0.252044 -0.0802566 
0 5 10 1 -0.00763638 0.0819228 
10 5 10 1 0.299731 0.298372 
0 6 0 1 -0.0412358 -0.426668 
0 8 0 1 -0.145242 -0.439631 
0 8 5 1 -0.146176 -0.160121 
0 6 5 1 -0.0470915 -0.158389 
0 2 2.5 1 0.13676 -0.27664 
0 4 2.5 1 0.0496508 -0.282711 
0 4 5 1 0.0447436 -0.156784 
0 2 5 1 0.130097 -0.155292 
0.5 0.5 -0.5 1 0.221803 -0.425991 
0.5 0.5 6 1 0.199889 -0.106369 
10.5 0.5 -0.5 1 0.733673 -0.603232 
10.5 0.5 6 1 0.645758 -0.0346837 
10.5 10.5 -0.5 1 -0.128539 -0.846873 
10.5 10.5 6 1 -0.133516 -0.000456413 
0.5 10.5 -0.5 1 -0.285285 -0.496461 
0.5 10.5 6 1 -0.276955 -0.104653 
0.5 5.5 9.5 1 -0.0206161 0.0664231 
10.5 5.5 9.5 1 0.296343 0.284523 
0.5 6.5 -0.5 1 -0.0572016 -0.464764 
0.5 8.5 -0.5 1 -0.166307 -0.479926 
0.5 8.5 4.5 1 -0.166193 -0.187104 
0.5 6.5 4.5 1 -0.0624931 -0.184241 
0.5 2.5 2 1 0.128883 -0.305496 
0.5 4.5 2 1 0.0381536 -0.312919 
0.5 4.5 4.5 1 0.0333378 -0.181595 
0.5 2.5 4.5 1 0.122163 -0.179142 
