0 0 0 1 0.232362 -0.468745 
0 0 6.5 1 0.180403 0.155571 
10 0 0 1 -0.226405 -0.279561 
10 0 6.5 1 -0.266514 0.0803418 
10 10 0 1 0.140653 -0.159817 
10 10 6.5 1 0.117479 0.105342 
0 10 0 1 0.588313 -0.222868 
0 10 6.5 1 0.565444 0.162541 
0 5 10 1 0.401523 0.428751 
10 5 10 1 -0.0612242 0.264153 
0 6 0 1 0.484563 -0.294534 
0 8 0 1 0.54074 -0.255729 
0 8 5 1 0.520802 0.0633556 
0 6 5 1 0.461537 0.0531882 
0 2 2.5 1 0.319051 -0.188801 
0 4 2.5 1 0.403869 -0.152358 
0 4 5 1 0.390197 0.0409494 
0 2 5 1 0.302675 0.0259345 
0.5 0.5 -0.5 1 0.225896 -0.478004 
0.5 0.5 6 1 0.177237 0.103399 
10.5 0.5 -0.5 1 -0.212299 -0.292481 
10.5 0.5 6 1 -0.250493 0.0527398 
10.5 10.5 -0.5 1 0.140458 -0.172904 
10.5 10.5 6 1 0.117966 0.0842014 
0.5 10.5 -0.5 1 0.569414 -0.238956 
0.5 10.5 6 1 0.547076 0.129669 
0.5 5.5 9.5 1 0.387278 0.373466 
10.5 5.5 9.5 1 -0.0545197 0.234139 
0.5 6.5 -0.5 1 0.467471 -0.309897 
0.5 8.5 -0.5 1 0.52248 -0.271617 
0.5 8.5 4.5 1 0.503101 0.0325587 
0.5 6.5 4.5 1 0.44523 0.020192 
0.5 2.5 2 1 0.308015 -0.213896 
0.5 4.5 2 1 0.389307 -0.177029 
0.5 4.5 4.5 1 0.376213 0.00544354 
0.5 2.5 4.5 1 0.292487 -0.0124483 
