0 0 0 1 -0.109208 -0.0354609 
0 0 6.5 1 -0.105461 0.216188 
10 0 0 1 0.28225 -0.0680112 
10 0 6.5 1 0.306709 0.203555 
10 10 0 1 0.324484 -0.230442 
10 10 6.5 1 0.370033 0.219088 
0 10 0 1 -0.296447 -0.15994 
0 10 6.5 1 -0.304917 0.23754 
0 5 10 1 -0.181464 0.405921 
10 5 10 1 0.349069 0.41071 
0 6 0 1 -0.200592 -0.0962142 
0 8 0 1 -0.243589 -0.124799 
0 8 5 1 -0.246532 0.144894 
0 6 5 1 -0.201219 0.148483 
0 2 2.5 1 -0.133865 0.0486885 
0 4 2.5 1 -0.164462 0.0371066 
0 4 5 1 -0.16397 0.151433 
0 2 5 1 -0.13281 0.153901 
0.5 0.5 -0.5 1 -0.097114 -0.0598433 
0.5 0.5 6 1 -0.0927018 0.195581 
10.5 0.5 -0.5 1 0.303333 -0.0950882 
10.5 0.5 6 1 0.329439 0.180868 
10.5 10.5 -0.5 1 0.361193 -0.281277 
10.5 10.5 6 1 0.411828 0.180307 
0.5 10.5 -0.5 1 -0.282816 -0.202448 
0.5 10.5 6 1 -0.290468 0.204478 
0.5 5.5 9.5 1 -0.16701 0.384275 
10.5 5.5 9.5 1 0.380192 0.386698 
0.5 6.5 -0.5 1 -0.187244 -0.129056 
0.5 8.5 -0.5 1 -0.229982 -0.161876 
0.5 8.5 4.5 1 -0.232277 0.113433 
0.5 6.5 4.5 1 -0.187241 0.120264 
0.5 2.5 2 1 -0.121054 0.0235746 
0.5 4.5 2 1 -0.1512 0.00949381 
0.5 4.5 4.5 1 -0.150406 0.125851 
0.5 2.5 4.5 1 -0.119718 0.130506 
