0 0 0 1 -0.285916 -0.091478 
0 0 6.5 1 -0.317932 0.183158 
10 0 0 1 0.109879 -0.0435252 
10 0 6.5 1 0.0917429 0.208992 
10 10 0 1 0.313033 -0.123421 
10 10 6.5 1 0.292934 0.281741 
0 10 0 1 -0.321791 -0.21627 
0 10 6.5 1 -0.378702 0.249031 
0 5 10 1 -0.363714 0.404749 
10 5 10 1 0.157382 0.41344 
0 6 0 1 -0.302826 -0.150301 
0 8 0 1 -0.31117 -0.179326 
0 8 5 1 -0.348671 0.131634 
0 6 5 1 -0.33592 0.127191 
0 2 2.5 1 -0.303781 0.00510223 
0 4 2.5 1 -0.310697 -0.0033734 
0 4 5 1 -0.325708 0.123633 
0 2 5 1 -0.317345 0.12072 
0.5 0.5 -0.5 1 -0.262697 -0.113361 
0.5 0.5 6 1 -0.294438 0.164451 
10.5 0.5 -0.5 1 0.136084 -0.0629684 
10.5 0.5 6 1 0.118463 0.192236 
10.5 10.5 -0.5 1 0.359128 -0.156203 
10.5 10.5 6 1 0.340753 0.255922 
0.5 10.5 -0.5 1 -0.283196 -0.256315 
0.5 10.5 6 1 -0.339405 0.218168 
0.5 5.5 9.5 1 -0.334086 0.384532 
10.5 5.5 9.5 1 0.192226 0.395576 
0.5 6.5 -0.5 1 -0.272312 -0.180413 
0.5 8.5 -0.5 1 -0.277088 -0.213715 
0.5 8.5 4.5 1 -0.314152 0.10255 
0.5 6.5 4.5 1 -0.30505 0.1013 
0.5 2.5 2 1 -0.278426 -0.017595 
0.5 4.5 2 1 -0.282926 -0.0284756 
0.5 4.5 4.5 1 -0.297791 0.100303 
0.5 2.5 4.5 1 -0.291866 0.0994888 
