0 0 0 1 -0.152207 -0.296481 
0 0 6.5 1 -0.17871 0.390766 
10 0 0 1 -0.247561 -0.0574063 
10 0 6.5 1 -0.267236 0.292674 
10 10 0 1 0.208689 -0.0183727 
10 10 6.5 1 0.219768 0.281563 
0 10 0 1 0.602115 -0.172383 
0 10 6.5 1 0.664506 0.344793 
0 5 10 1 0.328177 0.747643 
10 5 10 1 -0.00512181 0.478909 
0 6 0 1 0.348654 -0.214081 
0 8 0 1 0.4818 -0.192176 
0 8 5 1 0.520863 0.215571 
0 6 5 1 0.377891 0.215394 
0 2 2.5 1 0.0350581 -0.0371358 
0 4 2.5 1 0.208498 -0.0220672 
0 4 5 1 0.217258 0.215195 
0 2 5 1 0.0354781 0.21497 
0.5 0.5 -0.5 1 -0.112776 -0.310324 
0.5 0.5 6 1 -0.131863 0.322473 
10.5 0.5 -0.5 1 -0.222973 -0.0734568 
10.5 0.5 6 1 -0.240195 0.262015 
10.5 10.5 -0.5 1 0.215701 -0.0334396 
10.5 10.5 6 1 0.226827 0.255718 
0.5 10.5 -0.5 1 0.59338 -0.189506 
0.5 10.5 6 1 0.651307 0.296324 
0.5 5.5 9.5 1 0.33556 0.660323 
10.5 5.5 9.5 1 0.0110381 0.442791 
0.5 6.5 -0.5 1 0.353521 -0.230544 
0.5 8.5 -0.5 1 0.479192 -0.209043 
0.5 8.5 4.5 1 0.515747 0.173368 
0.5 6.5 4.5 1 0.381361 0.1709 
0.5 2.5 2 1 0.0615462 -0.0680274 
0.5 4.5 2 1 0.222639 -0.0521985 
0.5 4.5 4.5 1 0.231463 0.168146 
0.5 2.5 4.5 1 0.0632041 0.165055 
