0 0 0 1 0.00946604 -0.148501 
0 0 6.5 1 0.0348043 0.104195 
10 0 0 1 0.42675 -0.233425 
10 0 6.5 1 0.461507 0.0837619 
10 10 0 1 0.293994 -0.372492 
10 10 6.5 1 0.352361 0.172974 
0 10 0 1 -0.290526 -0.202865 
0 10 6.5 1 -0.254953 0.176222 
0 5 10 1 -0.0648925 0.29794 
10 5 10 1 0.445234 0.335421 
0 6 0 1 -0.140638 -0.175703 
0 8 0 1 -0.208796 -0.188054 
0 8 5 1 -0.1835 0.0765736 
0 6 5 1 -0.117093 0.0669016 
0 2 2.5 1 -0.0231346 -0.0525199 
0 4 2.5 1 -0.0719516 -0.0535359 
0 4 5 1 -0.0609178 0.0587198 
0 2 5 1 -0.0127793 0.0517085 
0.5 0.5 -0.5 1 0.0142544 -0.173694 
0.5 0.5 6 1 0.0403102 0.0857454 
10.5 0.5 -0.5 1 0.447102 -0.268191 
10.5 0.5 6 1 0.483205 0.059692 
10.5 10.5 -0.5 1 0.321802 -0.442049 
10.5 10.5 6 1 0.384084 0.135836 
0.5 10.5 -0.5 1 -0.295597 -0.243351 
0.5 10.5 6 1 -0.258592 0.151116 
0.5 5.5 9.5 1 -0.0615127 0.281982 
10.5 5.5 9.5 1 0.472375 0.315664 
0.5 6.5 -0.5 1 -0.139731 -0.208311 
0.5 8.5 -0.5 1 -0.210344 -0.224186 
0.5 8.5 4.5 1 -0.184109 0.0501487 
0.5 6.5 4.5 1 -0.115374 0.0424265 
0.5 2.5 2 1 -0.0189337 -0.0768235 
0.5 4.5 2 1 -0.0689533 -0.0797981 
0.5 4.5 4.5 1 -0.057564 0.0359318 
0.5 2.5 4.5 1 -0.00826599 0.0303933 
