0 0 0 1 -0.101303 -0.261233 
0 0 6.5 1 -0.131058 0.436999 
10 0 0 1 -0.248007 -0.0450398 
10 0 6.5 1 -0.272935 0.31035 
10 10 0 1 0.201261 0.00208978 
10 10 6.5 1 0.207112 0.300263 
0 10 0 1 0.611609 -0.12465 
0 10 6.5 1 0.664117 0.382134 
0 5 10 1 0.351356 0.78396 
10 5 10 1 -0.014857 0.497428 
0 6 0 1 0.377557 -0.169491 
0 8 0 1 0.501181 -0.145806 
0 8 5 1 0.533963 0.25646 
0 6 5 1 0.401648 0.25684 
0 2 2.5 1 0.0789084 0.00403687 
0 4 2.5 1 0.244299 0.0204055 
0 4 5 1 0.250944 0.257273 
0 2 5 1 0.0777297 0.257771 
0.5 0.5 -0.5 1 -0.0672808 -0.276878 
0.5 0.5 6 1 -0.0901278 0.36468 
10.5 0.5 -0.5 1 -0.224232 -0.0614919 
10.5 0.5 6 1 -0.246547 0.278684 
10.5 10.5 -0.5 1 0.207268 -0.0133009 
10.5 10.5 6 1 0.213267 0.274101 
0.5 10.5 -0.5 1 0.600346 -0.14336 
0.5 10.5 6 1 0.648795 0.332998 
0.5 5.5 9.5 1 0.35424 0.695159 
10.5 5.5 9.5 1 0.000374313 0.460583 
0.5 6.5 -0.5 1 0.378422 -0.187742 
0.5 8.5 -0.5 1 0.495301 -0.164368 
0.5 8.5 4.5 1 0.525715 0.212979 
0.5 6.5 4.5 1 0.401092 0.210685 
0.5 2.5 2 1 0.100051 -0.0291435 
0.5 4.5 2 1 0.253675 -0.0117458 
0.5 4.5 4.5 1 0.260291 0.208093 
0.5 2.5 4.5 1 0.0999436 0.205142 
