0 0 0 1 0.0154647 -0.241865 
0 0 6.5 1 -0.0207847 0.452455 
10 0 0 1 -0.246664 -0.0619446 
10 0 6.5 1 -0.28135 0.298884 
10 10 0 1 0.180009 0.00434843 
10 10 6.5 1 0.173729 0.293349 
0 10 0 1 0.614561 -0.0788081 
0 10 6.5 1 0.639769 0.390647 
0 5 10 1 0.381888 0.76516 
10 5 10 1 -0.0376432 0.483799 
0 6 0 1 0.427145 -0.129817 
0 8 0 1 0.527199 -0.102586 
0 8 5 1 0.541818 0.275858 
0 6 5 1 0.435759 0.276135 
0 2 2.5 1 0.170725 0.0297043 
0 4 2.5 1 0.3116 0.049415 
0 4 5 1 0.311798 0.276459 
0 2 5 1 0.164985 0.276843 
0.5 0.5 -0.5 1 0.0356802 -0.259221 
0.5 0.5 6 1 0.00459159 0.378706 
10.5 0.5 -0.5 1 -0.225381 -0.07847 
10.5 0.5 6 1 -0.257364 0.266556 
10.5 10.5 -0.5 1 0.183858 -0.0110753 
10.5 10.5 6 1 0.177969 0.267712 
0.5 10.5 -0.5 1 0.599272 -0.0989342 
0.5 10.5 6 1 0.621961 0.344131 
0.5 5.5 9.5 1 0.376651 0.681817 
10.5 5.5 9.5 1 -0.0248567 0.447301 
0.5 6.5 -0.5 1 0.420221 -0.149857 
0.5 8.5 -0.5 1 0.515492 -0.122761 
0.5 8.5 4.5 1 0.528567 0.233414 
0.5 6.5 4.5 1 0.427856 0.230568 
0.5 2.5 2 1 0.179613 -0.00511078 
0.5 4.5 2 1 0.311073 0.0160306 
0.5 4.5 4.5 1 0.311239 0.227273 
0.5 2.5 4.5 1 0.174623 0.223412 
