0 0 0 1 -0.584451 -0.281028 
0 0 6.5 1 -0.54072 0.322579 
10 0 0 1 -0.250725 -0.130704 
10 0 6.5 1 -0.22345 0.182678 
10 10 0 1 0.237349 -0.189569 
10 10 6.5 1 0.273465 0.140635 
0 10 0 1 0.362433 -0.416619 
0 10 6.5 1 0.440227 0.252664 
0 5 10 1 -0.0438005 0.646791 
10 5 10 1 0.0355144 0.339295 
0 6 0 1 -0.0407335 -0.358887 
0 8 0 1 0.156423 -0.387119 
0 8 5 1 0.209799 0.113294 
0 6 5 1 0.00705959 0.131166 
0 2 2.5 1 -0.391952 -0.0731233 
0 4 2.5 1 -0.208512 -0.0943852 
0 4 5 1 -0.186965 0.148269 
0 2 5 1 -0.372824 0.164653 
0.5 0.5 -0.5 1 -0.516137 -0.316415 
0.5 0.5 6 1 -0.472447 0.260882 
10.5 0.5 -0.5 1 -0.22161 -0.152842 
10.5 0.5 6 1 -0.194535 0.153298 
10.5 10.5 -0.5 1 0.256814 -0.211555 
10.5 10.5 6 1 0.292371 0.110617 
0.5 10.5 -0.5 1 0.395118 -0.449648 
0.5 10.5 6 1 0.470236 0.187427 
0.5 5.5 9.5 1 0.00680879 0.566326 
10.5 5.5 9.5 1 0.0595042 0.305307 
0.5 6.5 -0.5 1 0.00814414 -0.393069 
0.5 8.5 -0.5 1 0.197572 -0.420765 
0.5 8.5 4.5 1 0.249424 0.0562063 
0.5 6.5 4.5 1 0.0548589 0.0744826 
0.5 2.5 2 1 -0.329706 -0.118349 
0.5 4.5 2 1 -0.152898 -0.139615 
0.5 4.5 4.5 1 -0.131706 0.0920075 
0.5 2.5 4.5 1 -0.310755 0.108826 
