0 0 0 1 0.394035 -0.484828 
0 0 6.5 1 0.327271 0.0767723 
10 0 0 1 -0.256664 -0.418943 
10 0 6.5 1 -0.269552 -0.0217237 
10 10 0 1 0.0349837 -0.308732 
10 10 6.5 1 0.0160351 -0.0482232 
0 10 0 1 0.476421 -0.318992 
0 10 6.5 1 0.433616 0.0033439 
0 5 10 1 0.368454 0.232796 
10 5 10 1 -0.107085 0.120918 
0 6 0 1 0.453794 -0.364538 
0 8 0 1 0.466177 -0.339612 
0 8 5 1 0.430266 -0.0655436 
0 6 5 1 0.414792 -0.0619924 
0 2 2.5 1 0.395096 -0.23816 
0 4 2.5 1 0.4167 -0.222532 
0 4 5 1 0.395873 -0.0576504 
0 2 5 1 0.372213 -0.0522205 
0.5 0.5 -0.5 1 0.361907 -0.51081 
0.5 0.5 6 1 0.300583 0.0261543 
10.5 0.5 -0.5 1 -0.256012 -0.439716 
10.5 0.5 6 1 -0.268495 -0.054977 
10.5 10.5 -0.5 1 0.0284734 -0.325099 
10.5 10.5 6 1 0.0101863 -0.0700064 
0.5 10.5 -0.5 1 0.455334 -0.338971 
0.5 10.5 6 1 0.414638 -0.0248826 
0.5 5.5 9.5 1 0.347612 0.19059 
10.5 5.5 9.5 1 -0.110616 0.0909097 
0.5 6.5 -0.5 1 0.42926 -0.386929 
0.5 8.5 -0.5 1 0.44349 -0.360755 
0.5 8.5 4.5 1 0.409512 -0.0944286 
0.5 6.5 4.5 1 0.392556 -0.0937935 
0.5 2.5 2 1 0.367683 -0.270963 
0.5 4.5 2 1 0.391457 -0.252344 
0.5 4.5 4.5 1 0.371968 -0.0930223 
0.5 2.5 4.5 1 0.346438 -0.0920661 
