0 0 0 1 -0.681305 -0.404642 
0 0 6.5 1 -0.607378 0.141845 
10 0 0 1 -0.246945 -0.263551 
10 0 6.5 1 -0.21395 0.0389739 
10 10 0 1 0.233335 -0.342726 
10 10 6.5 1 0.260663 0.00604508 
0 10 0 1 0.179189 -0.612848 
0 10 6.5 1 0.236963 0.105795 
0 5 10 1 -0.204909 0.441004 
10 5 10 1 0.0231115 0.192686 
0 6 0 1 -0.222286 -0.515706 
0 8 0 1 -0.0333372 -0.561425 
0 8 5 1 0.0159273 -0.0363086 
0 6 5 1 -0.169853 -0.0202292 
0 2 2.5 1 -0.515045 -0.212223 
0 4 2.5 1 -0.36362 -0.236816 
0 4 5 1 -0.336677 -0.00579055 
0 2 5 1 -0.487304 0.00724634 
0.5 0.5 -0.5 1 -0.616608 -0.442284 
0.5 0.5 6 1 -0.546669 0.0919159 
10.5 0.5 -0.5 1 -0.217146 -0.286505 
10.5 0.5 6 1 -0.185174 0.0122188 
10.5 10.5 -0.5 1 0.259679 -0.36778 
10.5 10.5 6 1 0.286002 -0.0240559 
0.5 10.5 -0.5 1 0.234684 -0.654893 
0.5 10.5 6 1 0.288228 0.0426072 
0.5 5.5 9.5 1 -0.148909 0.377709 
10.5 5.5 9.5 1 0.0499972 0.162159 
0.5 6.5 -0.5 1 -0.160811 -0.556119 
0.5 8.5 -0.5 1 0.025689 -0.602697 
0.5 8.5 4.5 1 0.0715902 -0.0922825 
0.5 6.5 4.5 1 -0.11173 -0.0737452 
0.5 2.5 2 1 -0.452543 -0.256253 
0.5 4.5 2 1 -0.302189 -0.282378 
0.5 4.5 4.5 1 -0.276858 -0.0570475 
0.5 2.5 4.5 1 -0.426374 -0.0419285 
