0 0 0 1 -0.710827 -0.506587 
0 0 6.5 1 -0.629357 0.0242299 
10 0 0 1 -0.241264 -0.347546 
10 0 6.5 1 -0.209056 -0.0451358 
10 10 0 1 0.23437 -0.438313 
10 10 6.5 1 0.254619 -0.0752943 
0 10 0 1 0.0878552 -0.760786 
0 10 6.5 1 0.139498 -0.00988073 
0 5 10 1 -0.270371 0.312993 
10 5 10 1 0.0167844 0.109454 
0 6 0 1 -0.299042 -0.637647 
0 8 0 1 -0.120232 -0.694557 
0 8 5 1 -0.0712032 -0.152326 
0 6 5 1 -0.244073 -0.134528 
0 2 2.5 1 -0.558906 -0.31994 
0 4 2.5 1 -0.424101 -0.347782 
0 4 5 1 -0.395316 -0.118957 
0 2 5 1 -0.528752 -0.105219 
0.5 0.5 -0.5 1 -0.648804 -0.544026 
0.5 0.5 6 1 -0.572158 -0.0207519 
10.5 0.5 -0.5 1 -0.211005 -0.370618 
10.5 0.5 6 1 -0.180091 -0.0706616 
10.5 10.5 -0.5 1 0.264329 -0.464683 
10.5 10.5 6 1 0.283202 -0.105209 
0.5 10.5 -0.5 1 0.153307 -0.806368 
0.5 10.5 6 1 0.198829 -0.0706158 
0.5 5.5 9.5 1 -0.213652 0.25688 
10.5 5.5 9.5 1 0.0451202 0.0805176 
0.5 6.5 -0.5 1 -0.233695 -0.679794 
0.5 8.5 -0.5 1 -0.0544753 -0.73841 
0.5 8.5 4.5 1 -0.010136 -0.206476 
0.5 6.5 4.5 1 -0.183218 -0.185533 
0.5 2.5 2 1 -0.497634 -0.362422 
0.5 4.5 2 1 -0.361813 -0.392345 
0.5 4.5 4.5 1 -0.335091 -0.167155 
0.5 2.5 4.5 1 -0.469428 -0.1509 
