0 0 0 1 0.404049 -0.545234 
0 0 6.5 1 0.348185 -0.002835 
10 0 0 1 -0.28622 -0.48101 
10 0 6.5 1 -0.280158 -0.0651126 
10 10 0 1 -0.0227088 -0.366774 
10 10 6.5 1 -0.0309969 -0.102467 
0 10 0 1 0.414554 -0.382436 
0 10 6.5 1 0.381122 -0.0722025 
0 5 10 1 0.348678 0.144456 
10 5 10 1 -0.131122 0.0716353 
0 6 0 1 0.411681 -0.426957 
0 8 0 1 0.413254 -0.402573 
0 8 5 1 0.384902 -0.13799 
0 6 5 1 0.38057 -0.134655 
0 2 2.5 1 0.387331 -0.304321 
0 4 2.5 1 0.392006 -0.289098 
0 4 5 1 0.375275 -0.130579 
0 2 5 1 0.368655 -0.125482 
0.5 0.5 -0.5 1 0.365956 -0.571326 
0.5 0.5 6 1 0.315735 -0.0486779 
10.5 0.5 -0.5 1 -0.291807 -0.503198 
10.5 0.5 6 1 -0.285551 -0.0989981 
10.5 10.5 -0.5 1 -0.0320391 -0.383453 
10.5 10.5 6 1 -0.0397307 -0.123902 
0.5 10.5 -0.5 1 0.39235 -0.401643 
0.5 10.5 6 1 0.360906 -0.0979411 
0.5 5.5 9.5 1 0.325207 0.106988 
10.5 5.5 9.5 1 -0.138919 0.0422214 
0.5 6.5 -0.5 1 0.385028 -0.448711 
0.5 8.5 -0.5 1 0.389028 -0.422995 
0.5 8.5 4.5 1 0.362523 -0.16459 
0.5 6.5 4.5 1 0.356145 -0.163937 
0.5 2.5 2 1 0.355806 -0.335419 
0.5 4.5 2 1 0.363811 -0.317267 
0.5 4.5 4.5 1 0.348395 -0.163144 
0.5 2.5 4.5 1 0.338776 -0.16216 
