0 0 0 1 0.257615 -0.0998799 
0 0 6.5 1 0.287442 0.276548 
10 0 0 1 -0.291091 -0.22205 
10 0 6.5 1 -0.308249 0.340667 
10 10 0 1 -0.466934 -0.048762 
10 10 6.5 1 -0.488466 0.287532 
0 10 0 1 -0.0478091 -0.00295698 
0 10 6.5 1 -0.0430794 0.256635 
0 5 10 1 0.0980819 0.446002 
10 5 10 1 -0.435805 0.564272 
0 6 0 1 0.0486273 -0.03356 
0 8 0 1 -0.00275431 -0.0172546 
0 8 5 1 0.00293896 0.193021 
0 6 5 1 0.0570041 0.191412 
0 2 2.5 1 0.184579 0.0533069 
0 4 2.5 1 0.113558 0.0657989 
0 4 5 1 0.119623 0.189548 
0 2 5 1 0.193001 0.187363 
0.5 0.5 -0.5 1 0.215331 -0.123683 
0.5 0.5 6 1 0.241672 0.246418 
10.5 0.5 -0.5 1 -0.344113 -0.254998 
10.5 0.5 6 1 -0.366915 0.293618 
10.5 10.5 -0.5 1 -0.49737 -0.0705258 
10.5 10.5 6 1 -0.520662 0.26073 
0.5 10.5 -0.5 1 -0.0747815 -0.0202509 
0.5 10.5 6 1 -0.071444 0.236333 
0.5 5.5 9.5 1 0.0617445 0.419098 
10.5 5.5 9.5 1 -0.479158 0.524867 
0.5 6.5 -0.5 1 0.0170388 -0.052987 
0.5 8.5 -0.5 1 -0.0318581 -0.0355541 
0.5 8.5 4.5 1 -0.0273999 0.172146 
0.5 6.5 4.5 1 0.0239572 0.169036 
0.5 2.5 2 1 0.145522 0.0292518 
0.5 4.5 2 1 0.0781875 0.0434614 
0.5 4.5 4.5 1 0.083358 0.165438 
0.5 2.5 4.5 1 0.152853 0.16123 
