0 0 0 1 -0.255534 -0.37031 
0 0 6.5 1 -0.273955 0.289003 
10 0 0 1 -0.247951 -0.0938123 
10 0 6.5 1 -0.256362 0.244338 
10 10 0 1 0.21911 -0.0743822 
10 10 6.5 1 0.239764 0.227696 
0 10 0 1 0.569111 -0.285435 
0 10 6.5 1 0.64623 0.249169 
0 5 10 1 0.264127 0.649694 
10 5 10 1 0.0107748 0.424807 
0 6 0 1 0.278355 -0.315361 
0 8 0 1 0.429259 -0.299829 
0 8 5 1 0.477328 0.11642 
0 6 5 1 0.314812 0.117419 
0 2 2.5 1 -0.0593973 -0.126472 
0 4 2.5 1 0.125834 -0.117025 
0 4 5 1 0.137658 0.118508 
0 2 5 1 -0.0562063 0.1197 
0.5 0.5 -0.5 1 -0.206392 -0.382089 
0.5 0.5 6 1 -0.217122 0.228715 
10.5 0.5 -0.5 1 -0.221993 -0.109398 
10.5 0.5 6 1 -0.228408 0.215616 
10.5 10.5 -0.5 1 0.228323 -0.0889855 
10.5 10.5 6 1 0.248853 0.202569 
0.5 10.5 -0.5 1 0.56674 -0.299594 
0.5 10.5 6 1 0.639168 0.202736 
0.5 5.5 9.5 1 0.281759 0.567701 
10.5 5.5 9.5 1 0.0287153 0.390459 
0.5 6.5 -0.5 1 0.292093 -0.328899 
0.5 8.5 -0.5 1 0.434354 -0.31372 
0.5 8.5 4.5 1 0.480032 0.0770752 
0.5 6.5 4.5 1 0.327504 0.0764211 
0.5 2.5 2 1 -0.0225452 -0.153689 
0.5 4.5 2 1 0.149962 -0.143716 
0.5 4.5 4.5 1 0.162108 0.0757117 
0.5 2.5 4.5 1 -0.0178578 0.0749399 
