0 0 0 1 0.361736 -0.529947 
0 0 6.5 1 0.293423 0.0661489 
10 0 0 1 -0.232361 -0.405917 
10 0 6.5 1 -0.261973 -0.0232754 
10 10 0 1 0.0897014 -0.274233 
10 10 6.5 1 0.0639156 -0.0134833 
0 10 0 1 0.5384 -0.302746 
0 10 6.5 1 0.494358 0.0421529 
0 5 10 1 0.392353 0.276307 
10 5 10 1 -0.0834192 0.144447 
0 6 0 1 0.48928 -0.365917 
0 8 0 1 0.516105 -0.331417 
0 8 5 1 0.479388 -0.0400602 
0 6 5 1 0.449462 -0.0448473 
0 2 2.5 1 0.390884 -0.257021 
0 4 2.5 1 0.4344 -0.227383 
0 4 5 1 0.412921 -0.0506926 
0 2 5 1 0.367296 -0.0579908 
0.5 0.5 -0.5 1 0.337442 -0.547161 
0.5 0.5 6 1 0.273838 0.0160628 
10.5 0.5 -0.5 1 -0.225632 -0.42185 
10.5 0.5 6 1 -0.254305 -0.0530216 
10.5 10.5 -0.5 1 0.0859026 -0.288683 
10.5 10.5 6 1 0.0608442 -0.0344189 
0.5 10.5 -0.5 1 0.517915 -0.320781 
0.5 10.5 6 1 0.475802 0.0128599 
0.5 5.5 9.5 1 0.373744 0.230501 
10.5 5.5 9.5 1 -0.0825695 0.11525 
0.5 6.5 -0.5 1 0.466829 -0.384862 
0.5 8.5 -0.5 1 0.49464 -0.349977 
0.5 8.5 4.5 1 0.459666 -0.069033 
0.5 6.5 4.5 1 0.429066 -0.0763939 
0.5 2.5 2 1 0.368322 -0.285769 
0.5 4.5 2 1 0.412281 -0.2544 
0.5 4.5 4.5 1 0.392003 -0.0853092 
0.5 2.5 4.5 1 0.346189 -0.0963297 
