0 0 0 1 0.255477 -0.20306 
0 0 6.5 1 0.295191 0.170058 
10 0 0 1 -0.332951 -0.293315 
10 0 6.5 1 -0.327278 0.221763 
10 10 0 1 -0.418425 -0.0983839 
10 10 6.5 1 -0.419341 0.20902 
0 10 0 1 -0.00826904 -0.0731316 
0 10 6.5 1 0.00733475 0.177416 
0 5 10 1 0.135392 0.348183 
10 5 10 1 -0.385121 0.441539 
0 6 0 1 0.0732265 -0.113278 
0 8 0 1 0.0296062 -0.09179 
0 8 5 1 0.0435999 0.112475 
0 6 5 1 0.089852 0.106268 
0 2 2.5 1 0.195784 -0.0413354 
0 4 2.5 1 0.133808 -0.0218664 
0 4 5 1 0.143985 0.0990021 
0 2 5 1 0.2082 0.0903834 
0.5 0.5 -0.5 1 0.212124 -0.223416 
0.5 0.5 6 1 0.248612 0.142473 
10.5 0.5 -0.5 1 -0.379805 -0.319169 
10.5 0.5 6 1 -0.378149 0.182206 
10.5 10.5 -0.5 1 -0.44561 -0.116409 
10.5 10.5 6 1 -0.447832 0.186095 
0.5 10.5 -0.5 1 -0.0347894 -0.0881865 
0.5 10.5 6 1 -0.0203977 0.159097 
0.5 5.5 9.5 1 0.0994426 0.323301 
10.5 5.5 9.5 1 -0.422911 0.407626 
0.5 6.5 -0.5 1 0.04177 -0.130116 
0.5 8.5 -0.5 1 0.000821419 -0.10769 
0.5 8.5 4.5 1 0.0137291 0.0937504 
0.5 6.5 4.5 1 0.0571005 0.0861663 
0.5 2.5 2 1 0.156302 -0.0625591 
0.5 4.5 2 1 0.0983888 -0.0415916 
0.5 4.5 4.5 1 0.107764 0.077307 
0.5 2.5 4.5 1 0.167728 0.0668215 
