0 0 0 1 0.371988 -0.516563 
0 0 6.5 1 0.302847 0.0727102 
10 0 0 1 -0.236935 -0.408949 
10 0 6.5 1 -0.263418 -0.0227865 
10 10 0 1 0.0786268 -0.281794 
10 10 6.5 1 0.0537744 -0.0212069 
0 10 0 1 0.525956 -0.304285 
0 10 6.5 1 0.481109 0.0352568 
0 5 10 1 0.387411 0.26872 
10 5 10 1 -0.0884364 0.139204 
0 6 0 1 0.483324 -0.363063 
0 8 0 1 0.506624 -0.33094 
0 8 5 1 0.469204 -0.0435426 
0 6 5 1 0.442771 -0.0461128 
0 2 2.5 1 0.393989 -0.249387 
0 4 2.5 1 0.432259 -0.223303 
0 4 5 1 0.41047 -0.0492536 
0 2 5 1 0.370101 -0.053179 
0.5 0.5 -0.5 1 0.345718 -0.536227 
0.5 0.5 6 1 0.281507 0.0220305 
10.5 0.5 -0.5 1 -0.231458 -0.426036 
10.5 0.5 6 1 -0.257142 -0.0534344 
10.5 10.5 -0.5 1 0.0742607 -0.296737 
10.5 10.5 6 1 0.0501251 -0.0423907 
0.5 10.5 -0.5 1 0.505356 -0.322943 
0.5 10.5 6 1 0.462523 0.00607901 
0.5 5.5 9.5 1 0.368326 0.223587 
10.5 5.5 9.5 1 -0.0885205 0.109751 
0.5 6.5 -0.5 1 0.460368 -0.383048 
0.5 8.5 -0.5 1 0.484879 -0.350301 
0.5 8.5 4.5 1 0.449285 -0.0726761 
0.5 6.5 4.5 1 0.421969 -0.0779439 
0.5 2.5 2 1 0.370226 -0.27945 
0.5 4.5 2 1 0.409384 -0.251267 
0.5 4.5 4.5 1 0.38885 -0.084331 
0.5 2.5 4.5 1 0.347857 -0.0922364 
