0 0 0 1 0.257919 -0.0378493 
0 0 6.5 1 0.277145 0.342635 
10 0 0 1 -0.252098 -0.175696 
10 0 6.5 1 -0.285554 0.43059 
10 10 0 1 -0.505774 -0.0283006 
10 10 6.5 1 -0.543894 0.333953 
0 10 0 1 -0.0791102 0.0315994 
0 10 6.5 1 -0.083937 0.299112 
0 5 10 1 0.0657922 0.503231 
10 5 10 1 -0.473472 0.650568 
0 6 0 1 0.0290554 0.00931063 
0 8 0 1 -0.0283704 0.0211439 
0 8 5 1 -0.0300635 0.237051 
0 6 5 1 0.02992 0.239554 
0 2 2.5 1 0.17425 0.109517 
0 4 2.5 1 0.0966337 0.116109 
0 4 5 1 0.0987883 0.242428 
0 2 5 1 0.178673 0.245762 
0.5 0.5 -0.5 1 0.216834 -0.0642955 
0.5 0.5 6 1 0.232731 0.310909 
10.5 0.5 -0.5 1 -0.309907 -0.215259 
10.5 0.5 6 1 -0.350161 0.377631 
10.5 10.5 -0.5 1 -0.539204 -0.0536024 
10.5 10.5 6 1 -0.579464 0.303863 
0.5 10.5 -0.5 1 -0.106409 0.0124171 
0.5 10.5 6 1 -0.112669 0.277318 
0.5 5.5 9.5 1 0.0296142 0.475133 
10.5 5.5 9.5 1 -0.521528 0.607145 
0.5 6.5 -0.5 1 -0.0025053 -0.0122415 
0.5 8.5 -0.5 1 -0.0576491 0.000845396 
0.5 8.5 4.5 1 -0.0605995 0.21453 
0.5 6.5 4.5 1 -0.00310655 0.215473 
0.5 2.5 2 1 0.135896 0.0833187 
0.5 4.5 2 1 0.0615728 0.0917443 
0.5 4.5 4.5 1 0.0628414 0.216556 
0.5 2.5 4.5 1 0.139257 0.21781 
