0 0 0 1 -0.186972 -0.0140134 
0 0 6.5 1 -0.202748 0.246624 
10 0 0 1 0.203982 -0.00605772 
10 0 6.5 1 0.208355 0.256649 
10 10 0 1 0.324447 -0.133175 
10 10 6.5 1 0.342274 0.297073 
0 10 0 1 -0.309816 -0.144821 
0 10 6.5 1 -0.346779 0.279878 
0 5 10 1 -0.270157 0.450857 
10 5 10 1 0.263356 0.465567 
0 6 0 1 -0.246044 -0.0769148 
0 8 0 1 -0.274416 -0.107126 
0 8 5 1 -0.297015 0.178033 
0 6 5 1 -0.264827 0.180033 
0 2 2.5 1 -0.210121 0.0735124 
0 4 2.5 1 -0.230579 0.0620893 
0 4 5 1 -0.238723 0.181654 
0 2 5 1 -0.217127 0.182996 
0.5 0.5 -0.5 1 -0.169913 -0.0370859 
0.5 0.5 6 1 -0.185061 0.226707 
10.5 0.5 -0.5 1 0.227403 -0.0291445 
10.5 0.5 6 1 0.233083 0.236772 
10.5 10.5 -0.5 1 0.366066 -0.174421 
10.5 10.5 6 1 0.388129 0.264454 
0.5 10.5 -0.5 1 -0.285114 -0.185958 
0.5 10.5 6 1 -0.320937 0.247126 
0.5 5.5 9.5 1 -0.248578 0.429358 
10.5 5.5 9.5 1 0.296853 0.44421 
0.5 6.5 -0.5 1 -0.225025 -0.108306 
0.5 8.5 -0.5 1 -0.251681 -0.142754 
0.5 8.5 4.5 1 -0.273497 0.14728 
0.5 6.5 4.5 1 -0.243115 0.152603 
0.5 2.5 2 1 -0.191641 0.0495077 
0.5 4.5 2 1 -0.210754 0.0356046 
0.5 4.5 4.5 1 -0.218588 0.1569 
0.5 2.5 4.5 1 -0.198374 0.160442 
