0 0 0 1 0.254535 -0.404727 
0 0 6.5 1 0.224951 -0.0894667 
10 0 0 1 0.723849 -0.59267 
10 0 6.5 1 0.631057 -0.0181268 
10 10 0 1 -0.17858 -0.810135 
10 10 6.5 1 -0.198397 -0.0323624 
0 10 0 1 -0.244148 -0.475572 
0 10 6.5 1 -0.250324 -0.107579 
0 5 10 1 -0.00541122 0.0707324 
10 5 10 1 0.240853 0.280786 
0 6 0 1 -0.0262708 -0.444619 
0 8 0 1 -0.131753 -0.459605 
0 8 5 1 -0.141185 -0.18221 
0 6 5 1 -0.0397657 -0.176022 
0 2 2.5 1 0.156042 -0.288464 
0 4 2.5 1 0.064206 -0.297703 
0 4 5 1 0.0558435 -0.170188 
0 2 5 1 0.146128 -0.164679 
0.5 0.5 -0.5 1 0.248009 -0.439535 
0.5 0.5 6 1 0.217769 -0.112036 
10.5 0.5 -0.5 1 0.742691 -0.671313 
10.5 0.5 6 1 0.642566 -0.0548376 
10.5 10.5 -0.5 1 -0.235592 -0.938903 
10.5 10.5 6 1 -0.250058 -0.082564 
0.5 10.5 -0.5 1 -0.272239 -0.519223 
0.5 10.5 6 1 -0.277016 -0.134473 
0.5 5.5 9.5 1 -0.0209129 0.052735 
10.5 5.5 9.5 1 0.227755 0.26061 
0.5 6.5 -0.5 1 -0.0442025 -0.484294 
0.5 8.5 -0.5 1 -0.154459 -0.501182 
0.5 8.5 4.5 1 -0.16325 -0.211441 
0.5 6.5 4.5 1 -0.0574283 -0.204132 
0.5 2.5 2 1 0.145977 -0.319472 
0.5 4.5 2 1 0.0504915 -0.329987 
0.5 4.5 4.5 1 0.0421146 -0.197256 
0.5 2.5 4.5 1 0.135922 -0.190776 
