0 0 0 1 0.287213 -0.318534 
0 0 6.5 1 0.323792 0.0919981 
10 0 0 1 -0.378139 -0.284376 
10 0 6.5 1 -0.327544 0.17539 
10 10 0 1 -0.294981 -0.172699 
10 10 6.5 1 -0.265821 0.0977644 
0 10 0 1 0.108356 -0.201205 
0 10 6.5 1 0.132369 0.0514361 
0 5 10 1 0.220851 0.23282 
10 5 10 1 -0.269135 0.306966 
0 6 0 1 0.160341 -0.235306 
0 8 0 1 0.132178 -0.216832 
0 8 5 1 0.15206 -0.00587989 
0 6 5 1 0.181819 -0.00513687 
0 2 2.5 1 0.248334 -0.14326 
0 4 2.5 1 0.205871 -0.130361 
0 4 5 1 0.217497 -0.00424605 
0 2 5 1 0.261057 -0.00315844 
0.5 0.5 -0.5 1 0.241328 -0.33895 
0.5 0.5 6 1 0.277604 0.061997 
10.5 0.5 -0.5 1 -0.411428 -0.308162 
10.5 0.5 6 1 -0.361722 0.139618 
10.5 10.5 -0.5 1 -0.316079 -0.188617 
10.5 10.5 6 1 -0.287209 0.0776542 
0.5 10.5 -0.5 1 0.0825816 -0.215639 
0.5 10.5 6 1 0.106437 0.0333401 
0.5 5.5 9.5 1 0.187447 0.207319 
10.5 5.5 9.5 1 -0.295705 0.277754 
0.5 6.5 -0.5 1 0.129029 -0.251719 
0.5 8.5 -0.5 1 0.103897 -0.232197 
0.5 8.5 4.5 1 0.123643 -0.0245602 
0.5 6.5 4.5 1 0.150351 -0.0254905 
0.5 2.5 2 1 0.208465 -0.165146 
0.5 4.5 2 1 0.170731 -0.150355 
0.5 4.5 4.5 1 0.182269 -0.0266022 
0.5 2.5 4.5 1 0.221087 -0.0279543 
