0 0 0 1 0.291344 -0.341823 
0 0 6.5 1 0.324872 0.073979 
10 0 0 1 -0.379237 -0.303007 
10 0 6.5 1 -0.327003 0.152526 
10 10 0 1 -0.283314 -0.193263 
10 10 6.5 1 -0.253649 0.075359 
0 10 0 1 0.120578 -0.223038 
0 10 6.5 1 0.143409 0.0312578 
0 5 10 1 0.226838 0.213322 
10 5 10 1 -0.261105 0.281307 
0 6 0 1 0.16996 -0.257388 
0 8 0 1 0.143182 -0.238761 
0 8 5 1 0.162026 -0.0259872 
0 6 5 1 0.190209 -0.0249765 
0 2 2.5 1 0.253671 -0.163757 
0 4 2.5 1 0.213192 -0.15095 
0 4 5 1 0.224053 -0.0237629 
0 2 5 1 0.265454 -0.0222782 
0.5 0.5 -0.5 1 0.245419 -0.362464 
0.5 0.5 6 1 0.279062 0.043538 
10.5 0.5 -0.5 1 -0.411162 -0.326724 
10.5 0.5 6 1 -0.359619 0.117076 
10.5 10.5 -0.5 1 -0.303849 -0.209149 
10.5 10.5 6 1 -0.274388 0.0553509 
0.5 10.5 -0.5 1 0.0949174 -0.237596 
0.5 10.5 6 1 0.117726 0.0130021 
0.5 5.5 9.5 1 0.193859 0.187587 
10.5 5.5 9.5 1 -0.286654 0.252395 
0.5 6.5 -0.5 1 0.138744 -0.273958 
0.5 8.5 -0.5 1 0.115009 -0.254265 
0.5 8.5 4.5 1 0.13384 -0.0448537 
0.5 6.5 4.5 1 0.158988 -0.045552 
0.5 2.5 2 1 0.213957 -0.185928 
0.5 4.5 2 1 0.178219 -0.17118 
0.5 4.5 4.5 1 0.189087 -0.0463878 
0.5 2.5 4.5 1 0.225759 -0.0474062 
