0 0 0 1 -0.515944 -0.445547 
0 0 6.5 1 -0.505969 -0.0760115 
10 0 0 1 -0.0584144 -0.352705 
10 0 6.5 1 -0.0704767 -0.081767 
10 10 0 1 0.304849 -0.415507 
10 10 6.5 1 0.265527 -0.0247038 
0 10 0 1 -0.262693 -0.61777 
0 10 6.5 1 -0.270269 0.0178539 
0 5 10 1 -0.415037 0.183982 
10 5 10 1 0.0571352 0.101113 
0 6 0 1 -0.398951 -0.525108 
0 8 0 1 -0.339678 -0.565417 
0 8 5 1 -0.339811 -0.129564 
0 6 5 1 -0.395566 -0.13881 
0 2 2.5 1 -0.480691 -0.305818 
0 4 2.5 1 -0.443137 -0.314931 
0 4 5 1 -0.440431 -0.14625 
0 2 5 1 -0.477313 -0.152367 
0.5 0.5 -0.5 1 -0.477983 -0.474516 
0.5 0.5 6 1 -0.470123 -0.100576 
10.5 0.5 -0.5 1 -0.0280408 -0.373348 
10.5 0.5 6 1 -0.0414698 -0.100037 
10.5 10.5 -0.5 1 0.352234 -0.446168 
10.5 10.5 6 1 0.309698 -0.0504121 
0.5 10.5 -0.5 1 -0.19249 -0.671055 
0.5 10.5 6 1 -0.206976 -0.022338 
0.5 5.5 9.5 1 -0.370933 0.156638 
10.5 5.5 9.5 1 0.0911923 0.0813201 
0.5 6.5 -0.5 1 -0.346513 -0.565023 
0.5 8.5 -0.5 1 -0.279631 -0.611065 
0.5 8.5 4.5 1 -0.283791 -0.167279 
0.5 6.5 4.5 1 -0.346225 -0.172495 
0.5 2.5 2 1 -0.439897 -0.335553 
0.5 4.5 2 1 -0.397866 -0.347761 
0.5 4.5 4.5 1 -0.396355 -0.176683 
0.5 2.5 4.5 1 -0.437491 -0.18012 
