0 0 0 1 0.327518 -0.575768 
0 0 6.5 1 0.334214 -0.104349 
10 0 0 1 -0.381297 -0.516257 
10 0 6.5 1 -0.32931 -0.0630373 
10 10 0 1 -0.210064 -0.368698 
10 10 6.5 1 -0.185172 -0.0992613 
0 10 0 1 0.206697 -0.400507 
0 10 6.5 1 0.215511 -0.124723 
0 5 10 1 0.264404 0.0563543 
10 5 10 1 -0.222619 0.0831653 
0 6 0 1 0.240523 -0.449573 
0 8 0 1 0.222072 -0.422809 
0 8 5 1 0.229 -0.189141 
0 6 5 1 0.24744 -0.192406 
0 2 2.5 1 0.294469 -0.358478 
0 4 2.5 1 0.266513 -0.336358 
0 4 5 1 0.269812 -0.196368 
0 2 5 1 0.297524 -0.201275 
0.5 0.5 -0.5 1 0.281447 -0.595859 
0.5 0.5 6 1 0.29091 -0.13681 
10.5 0.5 -0.5 1 -0.404653 -0.537498 
10.5 0.5 6 1 -0.352671 -0.095698 
10.5 10.5 -0.5 1 -0.227119 -0.384062 
10.5 10.5 6 1 -0.202003 -0.118688 
0.5 10.5 -0.5 1 0.181687 -0.415584 
0.5 10.5 6 1 0.191321 -0.144062 
0.5 5.5 9.5 1 0.234019 0.0290331 
10.5 5.5 9.5 1 -0.242176 0.0558856 
0.5 6.5 -0.5 1 0.209878 -0.466528 
0.5 8.5 -0.5 1 0.194526 -0.438786 
0.5 8.5 4.5 1 0.202226 -0.209096 
0.5 6.5 4.5 1 0.217752 -0.214175 
0.5 2.5 2 1 0.255798 -0.381502 
0.5 4.5 2 1 0.232616 -0.357461 
0.5 4.5 4.5 1 0.236511 -0.220311 
0.5 2.5 4.5 1 0.259632 -0.227874 
