0 0 0 1 -0.70808 -0.600878 
0 0 6.5 1 -0.630448 -0.105936 
10 0 0 1 -0.204548 -0.444974 
10 0 6.5 1 -0.18104 -0.14305 
10 10 0 1 0.254065 -0.547027 
10 10 6.5 1 0.254927 -0.156687 
0 10 0 1 -0.0724423 -0.900167 
0 10 6.5 1 -0.031366 -0.112732 
0 5 10 1 -0.360096 0.172734 
10 5 10 1 0.0183748 0.019025 
0 6 0 1 -0.399426 -0.746208 
0 8 0 1 -0.253166 -0.815074 
0 8 5 1 -0.208186 -0.259339 
0 6 5 1 -0.346875 -0.244712 
0 2 2.5 1 -0.590845 -0.424517 
0 4 2.5 1 -0.490623 -0.452307 
0 4 5 1 -0.463168 -0.232446 
0 2 5 1 -0.562083 -0.222014 
0.5 0.5 -0.5 1 -0.653428 -0.638522 
0.5 0.5 6 1 -0.580634 -0.143913 
10.5 0.5 -0.5 1 -0.173551 -0.468543 
10.5 0.5 6 1 -0.151678 -0.166717 
10.5 10.5 -0.5 1 0.291388 -0.576807 
10.5 10.5 6 1 0.289895 -0.186671 
0.5 10.5 -0.5 1 0.00673368 -0.956294 
0.5 10.5 6 1 0.0379293 -0.170112 
0.5 5.5 9.5 1 -0.305111 0.127102 
10.5 5.5 9.5 1 0.0493681 -0.00742694 
0.5 6.5 -0.5 1 -0.332162 -0.793165 
0.5 8.5 -0.5 1 -0.18039 -0.866221 
0.5 8.5 4.5 1 -0.142058 -0.311338 
0.5 6.5 4.5 1 -0.285315 -0.292309 
0.5 2.5 2 1 -0.534767 -0.465088 
0.5 4.5 2 1 -0.430707 -0.496021 
0.5 4.5 4.5 1 -0.405621 -0.276328 
0.5 2.5 4.5 1 -0.508081 -0.262717 
