0 0 0 1 0.283345 -0.52296 
0 0 6.5 1 0.225423 0.0919947 
10 0 0 1 -0.223272 -0.340632 
10 0 6.5 1 -0.261873 0.0245542 
10 10 0 1 0.128642 -0.209209 
10 10 6.5 1 0.103157 0.0531807 
0 10 0 1 0.578201 -0.265099 
0 10 6.5 1 0.546079 0.105418 
0 5 10 1 0.403314 0.353579 
10 5 10 1 -0.0659303 0.207484 
0 6 0 1 0.493724 -0.338977 
0 8 0 1 0.539612 -0.298846 
0 8 5 1 0.512526 0.0101072 
0 6 5 1 0.46369 -0.00088941 
0 2 2.5 1 0.350762 -0.240008 
0 4 2.5 1 0.421479 -0.201664 
0 4 5 1 0.404562 -0.0142037 
0 2 5 1 0.331505 -0.0306546 
0.5 0.5 -0.5 1 0.2705 -0.532222 
0.5 0.5 6 1 0.216151 0.0428224 
10.5 0.5 -0.5 1 -0.211372 -0.353393 
10.5 0.5 6 1 -0.248358 -0.00266085 
10.5 10.5 -0.5 1 0.127325 -0.222192 
10.5 10.5 6 1 0.102558 0.0326521 
0.5 10.5 -0.5 1 0.558632 -0.280994 
0.5 10.5 6 1 0.527624 0.0746519 
0.5 5.5 9.5 1 0.387402 0.302967 
10.5 5.5 9.5 1 -0.0610252 0.178472 
0.5 6.5 -0.5 1 0.474559 -0.354299 
0.5 8.5 -0.5 1 0.520073 -0.314615 
0.5 8.5 4.5 1 0.494015 -0.0190582 
0.5 6.5 4.5 1 0.445789 -0.032189 
0.5 2.5 2 1 0.33543 -0.264437 
0.5 4.5 2 1 0.40404 -0.225632 
0.5 4.5 4.5 1 0.387923 -0.0479443 
0.5 2.5 4.5 1 0.317206 -0.0671985 
