0 0 0 1 0.273313 -0.211797 
0 0 6.5 1 0.249612 0.138548 
10 0 0 1 0.0366214 -0.518812 
10 0 6.5 1 -0.0235426 0.140546 
10 10 0 1 -0.571578 -0.374719 
10 10 6.5 1 -0.63559 0.066537 
0 10 0 1 -0.15676 -0.184278 
0 10 6.5 1 -0.186098 0.093214 
0 5 10 1 -0.00924645 0.287159 
10 5 10 1 -0.429986 0.402267 
0 6 0 1 -0.00775989 -0.193812 
0 8 0 1 -0.0854423 -0.188841 
0 8 5 1 -0.107455 0.0325606 
0 6 5 1 -0.0291759 0.0375704 
0 2 2.5 1 0.160788 -0.0794832 
0 4 2.5 1 0.0669863 -0.0793871 
0 4 5 1 0.0565737 0.0430584 
0 2 5 1 0.150916 0.0490963 
0.5 0.5 -0.5 1 0.241487 -0.244628 
0.5 0.5 6 1 0.216581 0.107678 
10.5 0.5 -0.5 1 -0.0274241 -0.585868 
10.5 0.5 6 1 -0.0925258 0.0803647 
10.5 10.5 -0.5 1 -0.620896 -0.418136 
10.5 10.5 6 1 -0.6876 0.0262008 
0.5 10.5 -0.5 1 -0.184853 -0.210158 
0.5 10.5 6 1 -0.215087 0.0685611 
0.5 5.5 9.5 1 -0.0407985 0.26066 
10.5 5.5 9.5 1 -0.491669 0.356821 
0.5 6.5 -0.5 1 -0.0373099 -0.222087 
0.5 8.5 -0.5 1 -0.114254 -0.215866 
0.5 8.5 4.5 1 -0.136993 0.00654862 
0.5 6.5 4.5 1 -0.0594956 0.0104019 
0.5 2.5 2 1 0.129296 -0.109991 
0.5 4.5 2 1 0.0362802 -0.108443 
0.5 4.5 4.5 1 0.0254539 0.0146257 
0.5 2.5 4.5 1 0.118985 0.0192761 
