0 0 0 1 -0.604636 -0.283839 
0 0 6.5 1 -0.554306 0.30851 
10 0 0 1 -0.250016 -0.144314 
10 0 6.5 1 -0.220933 0.166393 
10 10 0 1 0.237226 -0.20686 
10 10 6.5 1 0.272523 0.125966 
0 10 0 1 0.33328 -0.431408 
0 10 6.5 1 0.407278 0.246881 
0 5 10 1 -0.0733597 0.628834 
10 5 10 1 0.0345737 0.322112 
0 6 0 1 -0.0731069 -0.367468 
0 8 0 1 0.124289 -0.398526 
0 8 5 1 0.176669 0.106573 
0 6 5 1 -0.0246559 0.123832 
0 2 2.5 1 -0.416101 -0.0786918 
0 4 2.5 1 -0.23755 -0.100409 
0 4 5 1 -0.214982 0.140148 
0 2 5 1 -0.395186 0.155596 
0.5 0.5 -0.5 1 -0.536578 -0.320458 
0.5 0.5 6 1 -0.487219 0.248409 
10.5 0.5 -0.5 1 -0.220794 -0.166803 
10.5 0.5 6 1 -0.192086 0.137319 
10.5 10.5 -0.5 1 0.257831 -0.229567 
10.5 10.5 6 1 0.292517 0.0957143 
0.5 10.5 -0.5 1 0.370034 -0.466741 
0.5 10.5 6 1 0.44136 0.180929 
0.5 5.5 9.5 1 -0.0212512 0.550844 
10.5 5.5 9.5 1 0.0590634 0.288571 
0.5 6.5 -0.5 1 -0.0215447 -0.403559 
0.5 8.5 -0.5 1 0.168895 -0.434287 
0.5 8.5 4.5 1 0.219576 0.048707 
0.5 6.5 4.5 1 0.0254991 0.0668028 
0.5 2.5 2 1 -0.353358 -0.124527 
0.5 4.5 2 1 -0.180388 -0.146561 
0.5 4.5 4.5 1 -0.158405 0.0839501 
0.5 2.5 4.5 1 -0.332916 0.100222 
