0 0 0 1 -0.203644 -0.335878 
0 0 6.5 1 -0.226419 0.337111 
10 0 0 1 -0.247425 -0.075309 
10 0 6.5 1 -0.261531 0.26871 
10 10 0 1 0.214604 -0.0453839 
10 10 6.5 1 0.230656 0.255611 
0 10 0 1 0.587627 -0.22855 
0 10 6.5 1 0.65823 0.297164 
0 5 10 1 0.298744 0.698464 
10 5 10 1 0.00351997 0.452665 
0 6 0 1 0.315312 -0.265487 
0 8 0 1 0.457525 -0.246197 
0 8 5 1 0.501661 0.165605 
0 6 5 1 0.348626 0.165471 
0 2 2.5 1 -0.0112311 -0.0839827 
0 4 2.5 1 0.168748 -0.0711015 
0 4 5 1 0.179203 0.165322 
0 2 5 1 -0.00938742 0.165156 
0.5 0.5 -0.5 1 -0.159183 -0.348226 
0.5 0.5 6 1 -0.174274 0.27323 
10.5 0.5 -0.5 1 -0.222123 -0.0910087 
10.5 0.5 6 1 -0.233986 0.239119 
10.5 10.5 -0.5 1 0.222684 -0.0601344 
10.5 10.5 6 1 0.238692 0.23018 
0.5 10.5 -0.5 1 0.581878 -0.244 
0.5 10.5 6 1 0.647813 0.249825 
0.5 5.5 9.5 1 0.3111 0.613805 
10.5 5.5 9.5 1 0.0205756 0.417471 
0.5 6.5 -0.5 1 0.324496 -0.2802 
0.5 8.5 -0.5 1 0.458599 -0.261339 
0.5 8.5 4.5 1 0.50023 0.125013 
0.5 6.5 4.5 1 0.356551 0.122951 
0.5 2.5 2 1 0.0205129 -0.112639 
0.5 4.5 2 1 0.187837 -0.0991815 
0.5 4.5 4.5 1 0.19848 0.120683 
0.5 2.5 4.5 1 0.0237438 0.118175 
