0 0 0 1 -0.562717 -0.287262 
0 0 6.5 1 -0.525902 0.326554 
10 0 0 1 -0.251475 -0.122086 
10 0 6.5 1 -0.226353 0.193916 
10 10 0 1 0.236932 -0.176775 
10 10 6.5 1 0.273465 0.150755 
0 10 0 1 0.38916 -0.409574 
0 10 6.5 1 0.4704 0.24928 
0 5 10 1 -0.0144398 0.654161 
10 5 10 1 0.0356572 0.35159 
0 6 0 1 -0.00900362 -0.358411 
0 8 0 1 0.186996 -0.383596 
0 8 5 1 0.241288 0.111003 
0 6 5 1 0.0381454 0.129214 
0 2 2.5 1 -0.366838 -0.076785 
0 4 2.5 1 -0.179225 -0.097299 
0 4 5 1 -0.158704 0.146861 
0 2 5 1 -0.349548 0.16397 
0.5 0.5 -0.5 1 -0.494454 -0.320881 
0.5 0.5 6 1 -0.456688 0.263825 
10.5 0.5 -0.5 1 -0.222481 -0.143737 
10.5 0.5 6 1 -0.197372 0.164372 
10.5 10.5 -0.5 1 0.255301 -0.197943 
10.5 10.5 6 1 0.291319 0.121113 
0.5 10.5 -0.5 1 0.417878 -0.439973 
0.5 10.5 6 1 0.496337 0.185432 
0.5 5.5 9.5 1 0.0343686 0.571907 
10.5 5.5 9.5 1 0.0591486 0.317309 
0.5 6.5 -0.5 1 0.0370158 -0.390257 
0.5 8.5 -0.5 1 0.224635 -0.414748 
0.5 8.5 4.5 1 0.277508 0.0553115 
0.5 6.5 4.5 1 0.0833586 0.0735029 
0.5 2.5 2 1 -0.305395 -0.120831 
0.5 4.5 2 1 -0.125436 -0.141051 
0.5 4.5 4.5 1 -0.105054 0.0911568 
0.5 2.5 4.5 1 -0.287981 0.108297 
