0 0 0 1 0.258073 -0.0451396 
0 0 6.5 1 0.27924 0.335054 
10 0 0 1 -0.259348 -0.180042 
10 0 6.5 1 -0.290261 0.419527 
10 10 0 1 -0.49945 -0.0288116 
10 10 6.5 1 -0.53486 0.329204 
0 10 0 1 -0.0738709 0.0284468 
0 10 6.5 1 -0.0770739 0.294801 
0 5 10 1 0.0713513 0.496968 
10 5 10 1 -0.467774 0.639816 
0 6 0 1 0.0323598 0.00489723 
0 8 0 1 -0.0240742 0.0174077 
0 8 5 1 -0.0245039 0.232504 
0 6 5 1 0.0345221 0.234414 
0 2 2.5 1 0.176139 0.103149 
0 4 2.5 1 0.0995581 0.110608 
0 4 5 1 0.102398 0.236609 
0 2 5 1 0.181277 0.239161 
0.5 0.5 -0.5 1 0.216739 -0.0711858 
0.5 0.5 6 1 0.234528 0.303515 
10.5 0.5 -0.5 1 -0.316397 -0.218506 
10.5 0.5 6 1 -0.353939 0.367419 
10.5 10.5 -0.5 1 -0.532352 -0.0535088 
10.5 10.5 6 1 -0.569837 0.299637 
0.5 10.5 -0.5 1 -0.101124 0.00956945 
0.5 10.5 6 1 -0.10576 0.273227 
0.5 5.5 9.5 1 0.0351031 0.469003 
10.5 5.5 9.5 1 -0.51504 0.596954 
0.5 6.5 -0.5 1 0.000773961 -0.0163184 
0.5 8.5 -0.5 1 -0.053338 -0.00257093 
0.5 8.5 4.5 1 -0.0550273 0.210228 
0.5 6.5 4.5 1 0.00146377 0.210581 
0.5 2.5 2 1 0.137624 0.0772659 
0.5 4.5 2 1 0.0644126 0.086548 
0.5 4.5 4.5 1 0.0663601 0.210987 
0.5 2.5 4.5 1 0.141688 0.211458 
