0 0 0 1 0.390377 -0.670758 
0 0 6.5 1 0.356238 -0.137385 
10 0 0 1 -0.332773 -0.589019 
10 0 6.5 1 -0.30347 -0.143469 
10 10 0 1 -0.100039 -0.438 
10 10 6.5 1 -0.0934121 -0.165986 
0 10 0 1 0.333813 -0.467185 
0 10 6.5 1 0.316891 -0.164787 
0 5 10 1 0.320496 0.0315019 
10 5 10 1 -0.167764 0.00776473 
0 6 0 1 0.349268 -0.522807 
0 8 0 1 0.340802 -0.492339 
0 8 5 1 0.326083 -0.234042 
0 6 5 1 0.332632 -0.237056 
0 2 2.5 1 0.361449 -0.420658 
0 4 2.5 1 0.349901 -0.395824 
0 4 5 1 0.340639 -0.240741 
0 2 5 1 0.350651 -0.245348 
0.5 0.5 -0.5 1 0.346697 -0.692274 
0.5 0.5 6 1 0.317769 -0.175795 
10.5 0.5 -0.5 1 -0.345807 -0.60976 
10.5 0.5 6 1 -0.316369 -0.176021 
10.5 10.5 -0.5 1 -0.11275 -0.453811 
10.5 10.5 6 1 -0.10562 -0.186218 
0.5 10.5 -0.5 1 0.310019 -0.484076 
0.5 10.5 6 1 0.294757 -0.187138 
0.5 5.5 9.5 1 0.29367 -0.0005002 
10.5 5.5 9.5 1 -0.180541 -0.0201441 
0.5 6.5 -0.5 1 0.320166 -0.541671 
0.5 8.5 -0.5 1 0.31462 -0.510189 
0.5 8.5 4.5 1 0.301458 -0.257079 
0.5 6.5 4.5 1 0.305438 -0.262264 
0.5 2.5 2 1 0.325613 -0.446979 
0.5 4.5 2 1 0.318388 -0.419941 
0.5 4.5 4.5 1 0.310278 -0.268569 
0.5 2.5 4.5 1 0.316291 -0.276403 
