0 0 0 1 0.205242 -0.390315 
0 0 6.5 1 0.190303 -0.0882791 
10 0 0 1 0.693483 -0.517581 
10 0 6.5 1 0.624241 -0.0132241 
10 10 0 1 -0.0246082 -0.693881 
10 10 6.5 1 -0.0293026 0.0596699 
0 10 0 1 -0.267122 -0.444164 
0 10 6.5 1 -0.252714 -0.0677414 
0 5 10 1 -0.0096962 0.0846573 
10 5 10 1 0.334157 0.290493 
0 6 0 1 -0.0522832 -0.419672 
0 8 0 1 -0.154561 -0.431332 
0 8 5 1 -0.149649 -0.151076 
0 6 5 1 -0.0526609 -0.152162 
0 2 2.5 1 0.122229 -0.273812 
0 4 2.5 1 0.038599 -0.277977 
0 4 5 1 0.0362564 -0.153157 
0 2 5 1 0.11807 -0.154073 
0.5 0.5 -0.5 1 0.20187 -0.421953 
0.5 0.5 6 1 0.186615 -0.107715 
10.5 0.5 -0.5 1 0.71854 -0.580661 
10.5 0.5 6 1 0.642904 -0.0413365 
10.5 10.5 -0.5 1 -0.0566192 -0.810261 
10.5 10.5 6 1 -0.0570917 0.0240982 
0.5 10.5 -0.5 1 -0.293107 -0.486597 
0.5 10.5 6 1 -0.276201 -0.091041 
0.5 5.5 9.5 1 -0.0209966 0.070188 
10.5 5.5 9.5 1 0.336493 0.278403 
0.5 6.5 -0.5 1 -0.0668542 -0.457049 
0.5 8.5 -0.5 1 -0.174329 -0.471085 
0.5 8.5 4.5 1 -0.168146 -0.177096 
0.5 6.5 4.5 1 -0.0664951 -0.177051 
0.5 2.5 2 1 0.115717 -0.301705 
0.5 4.5 2 1 0.0285608 -0.307266 
0.5 4.5 4.5 1 0.0263775 -0.177009 
0.5 2.5 4.5 1 0.111562 -0.176971 
