0 0 0 1 0.274258 -0.39474 
0 0 6.5 1 0.239713 -0.074991 
10 0 0 1 0.708443 -0.63079 
10 0 6.5 1 0.614364 -0.0212344 
10 10 0 1 -0.266843 -0.841436 
10 10 6.5 1 -0.299321 -0.0829804 
0 10 0 1 -0.230399 -0.46743 
0 10 6.5 1 -0.247823 -0.11094 
0 5 10 1 -0.00548072 0.0787727 
10 5 10 1 0.16837 0.274091 
0 6 0 1 -0.0157659 -0.436514 
0 8 0 1 -0.120771 -0.451639 
0 8 5 1 -0.13745 -0.181058 
0 6 5 1 -0.0353231 -0.171928 
0 2 2.5 1 0.169013 -0.279529 
0 4 2.5 1 0.0736381 -0.290616 
0 4 5 1 0.0627126 -0.163164 
0 2 5 1 0.156898 -0.154744 
0.5 0.5 -0.5 1 0.265316 -0.430863 
0.5 0.5 6 1 0.230021 -0.0996041 
10.5 0.5 -0.5 1 0.719036 -0.717645 
10.5 0.5 6 1 0.618501 -0.0649263 
10.5 10.5 -0.5 1 -0.333246 -0.967581 
10.5 10.5 6 1 -0.36215 -0.141367 
0.5 10.5 -0.5 1 -0.258873 -0.510342 
0.5 10.5 6 1 -0.275696 -0.139505 
0.5 5.5 9.5 1 -0.023449 0.0584471 
10.5 5.5 9.5 1 0.144267 0.246739 
0.5 6.5 -0.5 1 -0.0354673 -0.476469 
0.5 8.5 -0.5 1 -0.144678 -0.493027 
0.5 8.5 4.5 1 -0.161162 -0.211717 
0.5 6.5 4.5 1 -0.0550644 -0.201629 
0.5 2.5 2 1 0.156542 -0.312026 
0.5 4.5 2 1 0.0576823 -0.32417 
0.5 4.5 4.5 1 0.046641 -0.191958 
0.5 2.5 4.5 1 0.144222 -0.18268 
