0 0 0 1 0.257433 -0.0281682 
0 0 6.5 1 0.272617 0.352152 
10 0 0 1 -0.236349 -0.173072 
10 0 6.5 1 -0.274556 0.445145 
10 10 0 1 -0.517871 -0.0320388 
10 10 6.5 1 -0.561218 0.338304 
0 10 0 1 -0.0894397 0.03386 
0 10 6.5 1 -0.0974942 0.303347 
0 5 10 1 0.054693 0.510436 
10 5 10 1 -0.48352 0.665325 
0 6 0 1 0.022545 0.0138347 
0 8 0 1 -0.0368301 0.0244523 
0 8 5 1 -0.0410473 0.241704 
0 6 5 1 0.0208005 0.245212 
0 2 2.5 1 0.170389 0.117407 
0 4 2.5 1 0.0908077 0.122487 
0 4 5 1 0.0915713 0.249225 
0 2 5 1 0.173346 0.253862 
0.5 0.5 -0.5 1 0.216914 -0.0553489 
0.5 0.5 6 1 0.228893 0.320166 
10.5 0.5 -0.5 1 -0.295587 -0.214787 
10.5 0.5 6 1 -0.34088 0.390727 
10.5 10.5 -0.5 1 -0.55239 -0.0585546 
10.5 10.5 6 1 -0.598004 0.307224 
0.5 10.5 -0.5 1 -0.116815 0.0140888 
0.5 10.5 6 1 -0.126295 0.281161 
0.5 5.5 9.5 1 0.0187148 0.482171 
10.5 5.5 9.5 1 -0.533138 0.620973 
0.5 6.5 -0.5 1 -0.00893451 -0.00835744 
0.5 8.5 -0.5 1 -0.0661168 0.00354028 
0.5 8.5 4.5 1 -0.0715789 0.21874 
0.5 6.5 4.5 1 -0.0121224 0.220691 
0.5 2.5 2 1 0.132419 0.0906432 
0.5 4.5 2 1 0.0559633 0.0975659 
0.5 4.5 4.5 1 0.0558604 0.222922 
0.5 2.5 4.5 1 0.134345 0.225497 
