0 0 0 1 0.291957 -0.360351 
0 0 6.5 1 0.256076 -0.0174947 
10 0 0 1 0.498068 -0.598454 
10 0 6.5 1 0.406154 0.109317 
10 10 0 1 -0.557567 -0.622843 
10 10 6.5 1 -0.546556 0.0262207 
0 10 0 1 -0.226045 -0.3838 
0 10 6.5 1 -0.235902 -0.0552828 
0 5 10 1 -0.00670394 0.130789 
10 5 10 1 -0.108181 0.380305 
0 6 0 1 -0.0248345 -0.374692 
0 8 0 1 -0.1264 -0.37929 
0 8 5 1 -0.137821 -0.121624 
0 6 5 1 -0.0401521 -0.114808 
0 2 2.5 1 0.172276 -0.230444 
0 4 2.5 1 0.0688408 -0.236418 
0 4 5 1 0.0593457 -0.107864 
0 2 5 1 0.160724 -0.100788 
0.5 0.5 -0.5 1 0.272018 -0.395969 
0.5 0.5 6 1 0.236175 -0.0420158 
10.5 0.5 -0.5 1 0.467523 -0.690634 
10.5 0.5 6 1 0.373674 0.0660664 
10.5 10.5 -0.5 1 -0.644018 -0.707183 
10.5 10.5 6 1 -0.624275 -0.0173219 
0.5 10.5 -0.5 1 -0.259085 -0.418326 
0.5 10.5 6 1 -0.2676 -0.0796475 
0.5 5.5 9.5 1 -0.0324026 0.111291 
10.5 5.5 9.5 1 -0.163417 0.354813 
0.5 6.5 -0.5 1 -0.052956 -0.409649 
0.5 8.5 -0.5 1 -0.157031 -0.41403 
0.5 8.5 4.5 1 -0.167591 -0.148247 
0.5 6.5 4.5 1 -0.0676042 -0.141502 
0.5 2.5 2 1 0.149617 -0.261402 
0.5 4.5 2 1 0.0435672 -0.267236 
0.5 4.5 4.5 1 0.0343056 -0.134628 
0.5 2.5 4.5 1 0.138194 -0.127621 
