0 0 0 1 0.291754 -0.279198 
0 0 6.5 1 0.253247 0.06669 
10 0 0 1 0.306031 -0.543609 
10 0 6.5 1 0.227304 0.169136 
10 10 0 1 -0.589511 -0.512881 
10 10 6.5 1 -0.622222 0.0422879 
0 10 0 1 -0.195923 -0.295205 
0 10 6.5 1 -0.221065 0.00882223 
0 5 10 1 -0.0155506 0.205104 
10 5 10 1 -0.275751 0.415699 
0 6 0 1 -0.0161298 -0.289304 
0 8 0 1 -0.108314 -0.29233 
0 8 5 1 -0.129454 -0.0516486 
0 6 5 1 -0.0391458 -0.0424741 
0 2 2.5 1 0.169716 -0.151694 
0 4 2.5 1 0.0683707 -0.15852 
0 4 5 1 0.0559324 -0.032815 
0 2 5 1 0.156168 -0.0226319 
0.5 0.5 -0.5 1 0.266775 -0.314362 
0.5 0.5 6 1 0.227999 0.0393043 
10.5 0.5 -0.5 1 0.253688 -0.629855 
10.5 0.5 6 1 0.173877 0.116703 
10.5 10.5 -0.5 1 -0.65983 -0.577851 
10.5 10.5 6 1 -0.691281 -0.00239328 
0.5 10.5 -0.5 1 -0.226617 -0.326219 
0.5 10.5 6 1 -0.251652 -0.0162004 
0.5 5.5 9.5 1 -0.0439519 0.182401 
10.5 5.5 9.5 1 -0.339596 0.379784 
0.5 6.5 -0.5 1 -0.0450128 -0.321855 
0.5 8.5 -0.5 1 -0.138168 -0.324093 
0.5 8.5 4.5 1 -0.159269 -0.0785303 
0.5 6.5 4.5 1 -0.0680381 -0.0698873 
0.5 2.5 2 1 0.143179 -0.183043 
0.5 4.5 2 1 0.0405744 -0.189151 
0.5 4.5 4.5 1 0.0281051 -0.060779 
0.5 2.5 4.5 1 0.129568 -0.0511667 
