0 0 0 1 -0.0611579 -0.0376062 
0 0 6.5 1 -0.0459181 0.213963 
10 0 0 1 0.337571 -0.0912547 
10 0 6.5 1 0.371871 0.194433 
10 10 0 1 0.325545 -0.23621 
10 10 6.5 1 0.384053 0.24783 
0 10 0 1 -0.291247 -0.12549 
0 10 6.5 1 -0.280562 0.268091 
0 5 10 1 -0.128265 0.411981 
10 5 10 1 0.401593 0.423873 
0 6 0 1 -0.17422 -0.0807909 
0 8 0 1 -0.22691 -0.100916 
0 8 5 1 -0.217077 0.167869 
0 6 5 1 -0.163407 0.163514 
0 2 2.5 1 -0.0873693 0.0519894 
0 4 2.5 1 -0.124701 0.0461322 
0 4 5 1 -0.11894 0.159905 
0 2 5 1 -0.0814968 0.156867 
0.5 0.5 -0.5 1 -0.0519975 -0.0619694 
0.5 0.5 6 1 -0.0360701 0.194321 
10.5 0.5 -0.5 1 0.357874 -0.120406 
10.5 0.5 6 1 0.393938 0.171373 
10.5 10.5 -0.5 1 0.359762 -0.292187 
10.5 10.5 6 1 0.423546 0.209563 
0.5 10.5 -0.5 1 -0.284665 -0.166757 
0.5 10.5 6 1 -0.273195 0.238493 
0.5 5.5 9.5 1 -0.118149 0.392761 
10.5 5.5 9.5 1 0.431636 0.401305 
0.5 6.5 -0.5 1 -0.165628 -0.113146 
0.5 8.5 -0.5 1 -0.219043 -0.137203 
0.5 8.5 4.5 1 -0.208574 0.138617 
0.5 6.5 4.5 1 -0.154186 0.136959 
0.5 2.5 2 1 -0.0779592 0.0274324 
0.5 4.5 2 1 -0.115436 0.0193001 
0.5 4.5 4.5 1 -0.109368 0.135593 
0.5 2.5 4.5 1 -0.0717991 0.134448 
