0 0 0 1 0.0711358 -0.372378 
0 0 6.5 1 0.0908126 -0.0997737 
10 0 0 1 0.52581 -0.51379 
10 0 6.5 1 0.534582 -0.128807 
10 10 0 1 0.208671 -0.747157 
10 10 6.5 1 0.245125 -0.0857453 
0 10 0 1 -0.30881 -0.449069 
0 10 6.5 1 -0.265355 -0.0619001 
0 5 10 1 -0.0425621 0.0792743 
10 5 10 1 0.434859 0.129232 
0 6 0 1 -0.123624 -0.41169 
0 8 0 1 -0.208944 -0.428911 
0 8 5 1 -0.180734 -0.151733 
0 6 5 1 -0.0997689 -0.154618 
0 2 2.5 1 0.0233553 -0.270191 
0 4 2.5 1 -0.0395684 -0.275398 
0 4 5 1 -0.0295134 -0.157121 
0 2 5 1 0.0320255 -0.159313 
0.5 0.5 -0.5 1 0.0724479 -0.402656 
0.5 0.5 6 1 0.0927106 -0.120464 
10.5 0.5 -0.5 1 0.548957 -0.563607 
10.5 0.5 6 1 0.557133 -0.15925 
10.5 10.5 -0.5 1 0.223516 -0.855692 
10.5 10.5 6 1 0.261697 -0.135042 
0.5 10.5 -0.5 1 -0.324937 -0.496503 
0.5 10.5 6 1 -0.278811 -0.0897087 
0.5 5.5 9.5 1 -0.045266 0.0619717 
10.5 5.5 9.5 1 0.457125 0.105981 
0.5 6.5 -0.5 1 -0.129853 -0.450432 
0.5 8.5 -0.5 1 -0.219399 -0.471579 
0.5 8.5 4.5 1 -0.189675 -0.181382 
0.5 6.5 4.5 1 -0.104886 -0.182198 
0.5 2.5 2 1 0.023087 -0.298525 
0.5 4.5 2 1 -0.0421778 -0.305894 
0.5 4.5 4.5 1 -0.0317217 -0.182901 
0.5 2.5 4.5 1 0.0320561 -0.183515 
