0 0 0 1 -0.689264 -0.585937 
0 0 6.5 1 -0.618259 -0.108254 
10 0 0 1 -0.186807 -0.444577 
10 0 6.5 1 -0.167639 -0.145502 
10 10 0 1 0.262568 -0.542071 
10 10 6.5 1 0.256825 -0.148331 
0 10 0 1 -0.110582 -0.868912 
0 10 6.5 1 -0.0739741 -0.0930794 
0 5 10 1 -0.375095 0.169824 
10 5 10 1 0.0223347 0.0201363 
0 6 0 1 -0.411832 -0.721601 
0 8 0 1 -0.278033 -0.787029 
0 8 5 1 -0.236855 -0.242111 
0 6 5 1 -0.363488 -0.232313 
0 2 2.5 1 -0.583942 -0.413164 
0 4 2.5 1 -0.493942 -0.437494 
0 4 5 1 -0.468731 -0.22417 
0 2 5 1 -0.557582 -0.217295 
0.5 0.5 -0.5 1 -0.637265 -0.623119 
0.5 0.5 6 1 -0.570776 -0.144263 
10.5 0.5 -0.5 1 -0.155749 -0.468106 
10.5 0.5 6 1 -0.138257 -0.168546 
10.5 10.5 -0.5 1 0.301843 -0.572668 
10.5 10.5 6 1 0.293457 -0.178127 
0.5 10.5 -0.5 1 -0.0300946 -0.927364 
0.5 10.5 6 1 -0.00385191 -0.148831 
0.5 5.5 9.5 1 -0.321443 0.127062 
10.5 5.5 9.5 1 0.0539352 -0.00550673 
0.5 6.5 -0.5 1 -0.345771 -0.769183 
0.5 8.5 -0.5 1 -0.205457 -0.839493 
0.5 8.5 4.5 1 -0.171024 -0.2929 
0.5 6.5 4.5 1 -0.303058 -0.27849 
0.5 2.5 2 1 -0.530087 -0.452771 
0.5 4.5 2 1 -0.435817 -0.480442 
0.5 4.5 4.5 1 -0.412894 -0.266503 
0.5 2.5 4.5 1 -0.505695 -0.256374 
