0 0 0 1 0.30546 -0.538202 
0 0 6.5 1 0.244613 0.0733619 
10 0 0 1 -0.223335 -0.364218 
10 0 6.5 1 -0.260649 0.00458122 
10 10 0 1 0.121585 -0.229355 
10 10 6.5 1 0.0954176 0.0323217 
0 10 0 1 0.571709 -0.280139 
0 10 6.5 1 0.535815 0.0841395 
0 5 10 1 0.402799 0.326543 
10 5 10 1 -0.0689183 0.18591 
0 6 0 1 0.496034 -0.353487 
0 8 0 1 0.537201 -0.313586 
0 8 5 1 0.507132 -0.00880872 
0 6 5 1 0.463016 -0.0193164 
0 2 2.5 1 0.363649 -0.255035 
0 4 2.5 1 0.427783 -0.217102 
0 4 5 1 0.409467 -0.0320709 
0 2 5 1 0.343097 -0.047879 
0.5 0.5 -0.5 1 0.289703 -0.548384 
0.5 0.5 6 1 0.232654 0.0246904 
10.5 0.5 -0.5 1 -0.212544 -0.377274 
10.5 0.5 6 1 -0.248394 -0.0228303 
10.5 10.5 -0.5 1 0.119715 -0.242482 
10.5 10.5 6 1 0.0942762 0.0118847 
0.5 10.5 -0.5 1 0.551863 -0.296264 
0.5 10.5 6 1 0.517325 0.0540019 
0.5 5.5 9.5 1 0.386172 0.27752 
10.5 5.5 9.5 1 -0.0649071 0.157105 
0.5 6.5 -0.5 1 0.475971 -0.369249 
0.5 8.5 -0.5 1 0.517117 -0.329679 
0.5 8.5 4.5 1 0.488281 -0.0376104 
0.5 6.5 4.5 1 0.444434 -0.0502955 
0.5 2.5 2 1 0.346419 -0.279855 
0.5 4.5 2 1 0.40909 -0.241303 
0.5 4.5 4.5 1 0.391681 -0.0655569 
0.5 2.5 4.5 1 0.327002 -0.0842685 
