0 0 0 1 0.256587 -0.027069 
0 0 6.5 1 0.265433 0.350945 
10 0 0 1 -0.208999 -0.186655 
10 0 6.5 1 -0.253287 0.444691 
10 10 0 1 -0.533954 -0.0510623 
10 10 6.5 1 -0.584399 0.330127 
0 10 0 1 -0.10416 0.0262227 
0 10 6.5 1 -0.11689 0.297697 
0 5 10 1 0.0386742 0.506659 
10 5 10 1 -0.494027 0.667739 
0 6 0 1 0.0134098 0.00885458 
0 8 0 1 -0.0487938 0.0180437 
0 8 5 1 -0.056702 0.236521 
0 6 5 1 0.00780502 0.241016 
0 2 2.5 1 0.164786 0.115939 
0 4 2.5 1 0.082537 0.11937 
0 4 5 1 0.0812126 0.246131 
0 2 5 1 0.165499 0.252004 
0.5 0.5 -0.5 1 0.21709 -0.0551919 
0.5 0.5 6 1 0.222978 0.318845 
10.5 0.5 -0.5 1 -0.270089 -0.231472 
10.5 0.5 6 1 -0.321739 0.388737 
10.5 10.5 -0.5 1 -0.570184 -0.0794143 
10.5 10.5 6 1 -0.62308 0.297712 
0.5 10.5 -0.5 1 -0.131613 0.00562001 
0.5 10.5 6 1 -0.14574 0.27504 
0.5 5.5 9.5 1 0.00314177 0.478379 
10.5 5.5 9.5 1 -0.545897 0.622504 
0.5 6.5 -0.5 1 -0.0178696 -0.0142163 
0.5 8.5 -0.5 1 -0.0780369 -0.00372343 
0.5 8.5 4.5 1 -0.0871534 0.213013 
0.5 6.5 4.5 1 -0.0248613 0.215979 
0.5 2.5 2 1 0.127544 0.0884913 
0.5 4.5 2 1 0.048136 0.0937489 
0.5 4.5 4.5 1 0.0459891 0.219352 
0.5 2.5 4.5 1 0.127292 0.223223 
