0 0 0 1 0.282641 -0.252517 
0 0 6.5 1 0.251986 0.0960398 
10 0 0 1 0.126352 -0.574533 
10 0 6.5 1 0.0611648 0.108191 
10 10 0 1 -0.578905 -0.454648 
10 10 6.5 1 -0.637631 0.0203018 
0 10 0 1 -0.168293 -0.238931 
0 10 6.5 1 -0.198509 0.0459956 
0 5 10 1 -0.0127995 0.24063 
10 5 10 1 -0.38678 0.368602 
0 6 0 1 -0.00902721 -0.243729 
0 8 0 1 -0.0916497 -0.24124 
0 8 5 1 -0.11501 -0.0143835 
0 6 5 1 -0.0325233 -0.00796314 
0 2 2.5 1 0.165459 -0.122063 
0 4 2.5 1 0.0685723 -0.124322 
0 4 5 1 0.056726 -0.00101644 
0 2 5 1 0.153605 0.00652414 
0.5 0.5 -0.5 1 0.253083 -0.286775 
0.5 0.5 6 1 0.221619 0.0657151 
10.5 0.5 -0.5 1 0.0639092 -0.650397 
10.5 0.5 6 1 -0.00472284 0.0475622 
10.5 10.5 -0.5 1 -0.634283 -0.505157 
10.5 10.5 6 1 -0.695123 -0.0228827 
0.5 10.5 -0.5 1 -0.197057 -0.266789 
0.5 10.5 6 1 -0.227919 0.0207603 
0.5 5.5 9.5 1 -0.0432993 0.214865 
10.5 5.5 9.5 1 -0.450535 0.324074 
0.5 6.5 -0.5 1 -0.0383043 -0.273838 
0.5 8.5 -0.5 1 -0.120692 -0.27018 
0.5 8.5 4.5 1 -0.144571 -0.0411616 
0.5 6.5 4.5 1 -0.0623429 -0.035736 
0.5 2.5 2 1 0.135609 -0.153456 
0.5 4.5 2 1 0.0388369 -0.154445 
0.5 4.5 4.5 1 0.0267046 -0.0298605 
0.5 2.5 4.5 1 0.123457 -0.0234765 
